"source_taxon_name","interaction_type","target_taxon_name","latitude","longitude","altitude","study_title","collection_time_in_unix_epoch","tmp_and_unique_source_specimen_id","tmp_and_unique_target_specimen_id","source_specimen_life_stage","target_specimen_life_stage","source_specimen_basis_of_record","target_specimen_basis_of_record","source_specimen_body_part","target_specimen_body_part","source_specimen_physiological_state","target_specimen_physiological_state","target_specimen_total_count","target_specimen_total_count_percent","target_specimen_total_volume_ml","target_specimen_total_volume_ml_percent","target_specimen_frequency_of_occurrence","target_specimen_frequency_of_occurrence_percent","footprintWKT","locality"
"Menidia beryllina","eats","Hesionidae",28.75054,-82.5001,,"Christian RR, Luczkov...a17608f43ca269eea90bec6715802d26",,23000485,23000487,,,,,,,,,,,,,,,,
"Menidia beryllina","eats","Arachnida",29.767257,-94.78913,,"Dixon, 1974",-13194000000,1652508,1652532,,,"Literature","Literature",,,,,,,,,,0.1,"POLYGON((-94.7995425799 29.7552287152,-94.8072562583 29.7623739414,-94.7800745011 29.7790989312999,-94.7705838126999 29.7719173406))","Trinity Bay"
"Menidia beryllina","eats","Amphipoda",29.767257,-94.78913,,"Dixon, 1974",-13194000000,1652508,1652530,,,"Literature","Literature",,,,,,,,,,0.75,"POLYGON((-94.7995425799 29.7552287152,-94.8072562583 29.7623739414,-94.7800745011 29.7790989312999,-94.7705838126999 29.7719173406))","Trinity Bay"
"Menidia beryllina","eats","Cyclopoida",29.767257,-94.78913,,"Dixon, 1974",-13194000000,1652508,1652528,,,"Literature","Literature",,,,,,,,,,0.27,"POLYGON((-94.7995425799 29.7552287152,-94.8072562583 29.7623739414,-94.7800745011 29.7790989312999,-94.7705838126999 29.7719173406))","Trinity Bay"
"Menidia beryllina","eats","Harpacticoida",29.767257,-94.78913,,"Dixon, 1974",-13194000000,1652508,1652526,,,"Literature","Literature",,,,,,,,,,0.35,"POLYGON((-94.7995425799 29.7552287152,-94.8072562583 29.7623739414,-94.7800745011 29.7790989312999,-94.7705838126999 29.7719173406))","Trinity Bay"
"Menidia beryllina","eats","Insecta",29.767257,-94.78913,,"Dixon, 1974",-13194000000,1652508,1652524,,"larval stage","Literature","Literature",,,,,,,,,,0.5,"POLYGON((-94.7995425799 29.7552287152,-94.8072562583 29.7623739414,-94.7800745011 29.7790989312999,-94.7705838126999 29.7719173406))","Trinity Bay"
"Menidia beryllina","eats","Actinopterygii",29.767257,-94.78913,,"Dixon, 1974",-13194000000,1652508,1652522,,,"Literature","Literature",,,,,,,,,,,"POLYGON((-94.7995425799 29.7552287152,-94.8072562583 29.7623739414,-94.7800745011 29.7790989312999,-94.7705838126999 29.7719173406))","Trinity Bay"
"Menidia beryllina","eats","Plantae",29.767257,-94.78913,,"Dixon, 1974",-13194000000,1652508,1652520,,,"Literature","Literature",,,,,,,,,,0.17,"POLYGON((-94.7995425799 29.7552287152,-94.8072562583 29.7623739414,-94.7800745011 29.7790989312999,-94.7705838126999 29.7719173406))","Trinity Bay"
"Menidia beryllina","eats","Animalia",29.767257,-94.78913,,"Dixon, 1974",-13194000000,1652508,1652518,,"egg","Literature","Literature",,,,,,,,,,0.05,"POLYGON((-94.7995425799 29.7552287152,-94.8072562583 29.7623739414,-94.7800745011 29.7790989312999,-94.7705838126999 29.7719173406))","Trinity Bay"
"Menidia beryllina","eats","Acartia tonsa",29.767257,-94.78913,,"Dixon, 1974",-13194000000,1652508,1652516,,,"Literature","Literature",,,,,,,,,,0.05,"POLYGON((-94.7995425799 29.7552287152,-94.8072562583 29.7623739414,-94.7800745011 29.7790989312999,-94.7705838126999 29.7719173406))","Trinity Bay"
"Menidia beryllina","eats","Cirripedia",29.767257,-94.78913,,"Dixon, 1974",-13194000000,1652508,1652514,,"nauplius stage","Literature","Literature",,,,,,,,,,0.05,"POLYGON((-94.7995425799 29.7552287152,-94.8072562583 29.7623739414,-94.7800745011 29.7790989312999,-94.7705838126999 29.7719173406))","Trinity Bay"
"Menidia beryllina","eats","Polychaeta",29.767257,-94.78913,,"Dixon, 1974",-13194000000,1652508,1652512,,,"Literature","Literature",,,,,,,,,,0.11,"POLYGON((-94.7995425799 29.7552287152,-94.8072562583 29.7623739414,-94.7800745011 29.7790989312999,-94.7705838126999 29.7719173406))","Trinity Bay"
"Menidia beryllina","eats","Insecta",29.767257,-94.78913,,"Dixon, 1974",-13194000000,1652508,1652510,,,"Literature","Literature",,,,,,,,,,0.12,"POLYGON((-94.7995425799 29.7552287152,-94.8072562583 29.7623739414,-94.7800745011 29.7790989312999,-94.7705838126999 29.7719173406))","Trinity Bay"
"Menidia beryllina","eats","Arachnida",29.741246,-94.827046,,"Dixon, 1974",-13194000000,1652534,1652558,,,"Literature","Literature",,,,,,,,,,0.12,"POLYGON((-94.8055415573 29.7563529421,-94.8373662229 29.7215064705,-94.8465887643999 29.7321732143999,-94.8173632170999 29.7574550349,-94.8093280803 29.759590285))","Trinity Bay"
"Menidia beryllina","eats","Amphipoda",29.741246,-94.827046,,"Dixon, 1974",-13194000000,1652534,1652556,,,"Literature","Literature",,,,,,,,,,0.08,"POLYGON((-94.8055415573 29.7563529421,-94.8373662229 29.7215064705,-94.8465887643999 29.7321732143999,-94.8173632170999 29.7574550349,-94.8093280803 29.759590285))","Trinity Bay"
"Menidia beryllina","eats","Cyclopoida",29.741246,-94.827046,,"Dixon, 1974",-13194000000,1652534,1652554,,,"Literature","Literature",,,,,,,,,,0.4,"POLYGON((-94.8055415573 29.7563529421,-94.8373662229 29.7215064705,-94.8465887643999 29.7321732143999,-94.8173632170999 29.7574550349,-94.8093280803 29.759590285))","Trinity Bay"
"Menidia beryllina","eats","Harpacticoida",29.741246,-94.827046,,"Dixon, 1974",-13194000000,1652534,1652552,,,"Literature","Literature",,,,,,,,,,0.55,"POLYGON((-94.8055415573 29.7563529421,-94.8373662229 29.7215064705,-94.8465887643999 29.7321732143999,-94.8173632170999 29.7574550349,-94.8093280803 29.759590285))","Trinity Bay"
"Menidia beryllina","eats","Insecta",29.741246,-94.827046,,"Dixon, 1974",-13194000000,1652534,1652550,,"larval stage","Literature","Literature",,,,,,,,,,,"POLYGON((-94.8055415573 29.7563529421,-94.8373662229 29.7215064705,-94.8465887643999 29.7321732143999,-94.8173632170999 29.7574550349,-94.8093280803 29.759590285))","Trinity Bay"
"Menidia beryllina","eats","Actinopterygii",29.741246,-94.827046,,"Dixon, 1974",-13194000000,1652534,1652548,,,"Literature","Literature",,,,,,,,,,,"POLYGON((-94.8055415573 29.7563529421,-94.8373662229 29.7215064705,-94.8465887643999 29.7321732143999,-94.8173632170999 29.7574550349,-94.8093280803 29.759590285))","Trinity Bay"
"Menidia beryllina","eats","Plantae",29.741246,-94.827046,,"Dixon, 1974",-13194000000,1652534,1652546,,,"Literature","Literature",,,,,,,,,,0.11,"POLYGON((-94.8055415573 29.7563529421,-94.8373662229 29.7215064705,-94.8465887643999 29.7321732143999,-94.8173632170999 29.7574550349,-94.8093280803 29.759590285))","Trinity Bay"
"Menidia beryllina","eats","Animalia",29.741246,-94.827046,,"Dixon, 1974",-13194000000,1652534,1652544,,"egg","Literature","Literature",,,,,,,,,,0.11,"POLYGON((-94.8055415573 29.7563529421,-94.8373662229 29.7215064705,-94.8465887643999 29.7321732143999,-94.8173632170999 29.7574550349,-94.8093280803 29.759590285))","Trinity Bay"
"Menidia beryllina","eats","Acartia tonsa",29.741246,-94.827046,,"Dixon, 1974",-13194000000,1652534,1652542,,,"Literature","Literature",,,,,,,,,,0.31,"POLYGON((-94.8055415573 29.7563529421,-94.8373662229 29.7215064705,-94.8465887643999 29.7321732143999,-94.8173632170999 29.7574550349,-94.8093280803 29.759590285))","Trinity Bay"
"Menidia beryllina","eats","Cirripedia",29.741246,-94.827046,,"Dixon, 1974",-13194000000,1652534,1652540,,"nauplius stage","Literature","Literature",,,,,,,,,,0.07,"POLYGON((-94.8055415573 29.7563529421,-94.8373662229 29.7215064705,-94.8465887643999 29.7321732143999,-94.8173632170999 29.7574550349,-94.8093280803 29.759590285))","Trinity Bay"
"Menidia beryllina","eats","Polychaeta",29.741246,-94.827046,,"Dixon, 1974",-13194000000,1652534,1652538,,,"Literature","Literature",,,,,,,,,,0.05,"POLYGON((-94.8055415573 29.7563529421,-94.8373662229 29.7215064705,-94.8465887643999 29.7321732143999,-94.8173632170999 29.7574550349,-94.8093280803 29.759590285))","Trinity Bay"
"Menidia beryllina","eats","Insecta",29.741246,-94.827046,,"Dixon, 1974",-13194000000,1652534,1652536,,,"Literature","Literature",,,,,,,,,,0.3,"POLYGON((-94.8055415573 29.7563529421,-94.8373662229 29.7215064705,-94.8465887643999 29.7321732143999,-94.8173632170999 29.7574550349,-94.8093280803 29.759590285))","Trinity Bay"
"Menidia beryllina","eats","Arachnida",29.696252,-94.945383,,"Dixon, 1974",-13194000000,1652482,1652506,,,"Literature","Literature",,,,,,,,,,0.1,"POLYGON((-94.9392419968 29.6946376179,-94.9485457204 29.6914047902999,-94.9515233897 29.6973126345,-94.942649711 29.7014686300999))","Tabbs Bay"
"Menidia beryllina","eats","Amphipoda",29.696252,-94.945383,,"Dixon, 1974",-13194000000,1652482,1652504,,,"Literature","Literature",,,,,,,,,,0.75,"POLYGON((-94.9392419968 29.6946376179,-94.9485457204 29.6914047902999,-94.9515233897 29.6973126345,-94.942649711 29.7014686300999))","Tabbs Bay"
"Menidia beryllina","eats","Cyclopoida",29.696252,-94.945383,,"Dixon, 1974",-13194000000,1652482,1652502,,,"Literature","Literature",,,,,,,,,,0.27,"POLYGON((-94.9392419968 29.6946376179,-94.9485457204 29.6914047902999,-94.9515233897 29.6973126345,-94.942649711 29.7014686300999))","Tabbs Bay"
"Menidia beryllina","eats","Harpacticoida",29.696252,-94.945383,,"Dixon, 1974",-13194000000,1652482,1652500,,,"Literature","Literature",,,,,,,,,,0.35,"POLYGON((-94.9392419968 29.6946376179,-94.9485457204 29.6914047902999,-94.9515233897 29.6973126345,-94.942649711 29.7014686300999))","Tabbs Bay"
"Menidia beryllina","eats","Insecta",29.696252,-94.945383,,"Dixon, 1974",-13194000000,1652482,1652498,,"larval stage","Literature","Literature",,,,,,,,,,0.5,"POLYGON((-94.9392419968 29.6946376179,-94.9485457204 29.6914047902999,-94.9515233897 29.6973126345,-94.942649711 29.7014686300999))","Tabbs Bay"
"Menidia beryllina","eats","Actinopterygii",29.696252,-94.945383,,"Dixon, 1974",-13194000000,1652482,1652496,,,"Literature","Literature",,,,,,,,,,,"POLYGON((-94.9392419968 29.6946376179,-94.9485457204 29.6914047902999,-94.9515233897 29.6973126345,-94.942649711 29.7014686300999))","Tabbs Bay"
"Menidia beryllina","eats","Plantae",29.696252,-94.945383,,"Dixon, 1974",-13194000000,1652482,1652494,,,"Literature","Literature",,,,,,,,,,0.17,"POLYGON((-94.9392419968 29.6946376179,-94.9485457204 29.6914047902999,-94.9515233897 29.6973126345,-94.942649711 29.7014686300999))","Tabbs Bay"
"Menidia beryllina","eats","Animalia",29.696252,-94.945383,,"Dixon, 1974",-13194000000,1652482,1652492,,"egg","Literature","Literature",,,,,,,,,,0.05,"POLYGON((-94.9392419968 29.6946376179,-94.9485457204 29.6914047902999,-94.9515233897 29.6973126345,-94.942649711 29.7014686300999))","Tabbs Bay"
"Menidia beryllina","eats","Acartia tonsa",29.696252,-94.945383,,"Dixon, 1974",-13194000000,1652482,1652490,,,"Literature","Literature",,,,,,,,,,0.05,"POLYGON((-94.9392419968 29.6946376179,-94.9485457204 29.6914047902999,-94.9515233897 29.6973126345,-94.942649711 29.7014686300999))","Tabbs Bay"
"Menidia beryllina","eats","Cirripedia",29.696252,-94.945383,,"Dixon, 1974",-13194000000,1652482,1652488,,"nauplius stage","Literature","Literature",,,,,,,,,,0.05,"POLYGON((-94.9392419968 29.6946376179,-94.9485457204 29.6914047902999,-94.9515233897 29.6973126345,-94.942649711 29.7014686300999))","Tabbs Bay"
"Menidia beryllina","eats","Polychaeta",29.696252,-94.945383,,"Dixon, 1974",-13194000000,1652482,1652486,,,"Literature","Literature",,,,,,,,,,0.11,"POLYGON((-94.9392419968 29.6946376179,-94.9485457204 29.6914047902999,-94.9515233897 29.6973126345,-94.942649711 29.7014686300999))","Tabbs Bay"
"Menidia beryllina","eats","Insecta",29.696252,-94.945383,,"Dixon, 1974",-13194000000,1652482,1652484,,,"Literature","Literature",,,,,,,,,,0.12,"POLYGON((-94.9392419968 29.6946376179,-94.9485457204 29.6914047902999,-94.9515233897 29.6973126345,-94.942649711 29.7014686300999))","Tabbs Bay"
"Menidia beryllina","eats","Arachnida",29.767257,-94.78913,,"Dixon, 1974",-13194000000,1652586,1652610,,,"Literature","Literature",,,,,,,,,,0.12,"POLYGON((-94.7995425799 29.7552287152,-94.8072562583 29.7623739414,-94.7800745011 29.7790989312999,-94.7705838126999 29.7719173406))","Trinity Bay"
"Menidia beryllina","eats","Amphipoda",29.767257,-94.78913,,"Dixon, 1974",-13194000000,1652586,1652608,,,"Literature","Literature",,,,,,,,,,0.08,"POLYGON((-94.7995425799 29.7552287152,-94.8072562583 29.7623739414,-94.7800745011 29.7790989312999,-94.7705838126999 29.7719173406))","Trinity Bay"
"Menidia beryllina","eats","Cyclopoida",29.767257,-94.78913,,"Dixon, 1974",-13194000000,1652586,1652606,,,"Literature","Literature",,,,,,,,,,0.4,"POLYGON((-94.7995425799 29.7552287152,-94.8072562583 29.7623739414,-94.7800745011 29.7790989312999,-94.7705838126999 29.7719173406))","Trinity Bay"
"Menidia beryllina","eats","Harpacticoida",29.767257,-94.78913,,"Dixon, 1974",-13194000000,1652586,1652604,,,"Literature","Literature",,,,,,,,,,0.55,"POLYGON((-94.7995425799 29.7552287152,-94.8072562583 29.7623739414,-94.7800745011 29.7790989312999,-94.7705838126999 29.7719173406))","Trinity Bay"
"Menidia beryllina","eats","Insecta",29.767257,-94.78913,,"Dixon, 1974",-13194000000,1652586,1652602,,"larval stage","Literature","Literature",,,,,,,,,,,"POLYGON((-94.7995425799 29.7552287152,-94.8072562583 29.7623739414,-94.7800745011 29.7790989312999,-94.7705838126999 29.7719173406))","Trinity Bay"
"Menidia beryllina","eats","Actinopterygii",29.767257,-94.78913,,"Dixon, 1974",-13194000000,1652586,1652600,,,"Literature","Literature",,,,,,,,,,,"POLYGON((-94.7995425799 29.7552287152,-94.8072562583 29.7623739414,-94.7800745011 29.7790989312999,-94.7705838126999 29.7719173406))","Trinity Bay"
"Menidia beryllina","eats","Plantae",29.767257,-94.78913,,"Dixon, 1974",-13194000000,1652586,1652598,,,"Literature","Literature",,,,,,,,,,0.11,"POLYGON((-94.7995425799 29.7552287152,-94.8072562583 29.7623739414,-94.7800745011 29.7790989312999,-94.7705838126999 29.7719173406))","Trinity Bay"
"Menidia beryllina","eats","Animalia",29.767257,-94.78913,,"Dixon, 1974",-13194000000,1652586,1652596,,"egg","Literature","Literature",,,,,,,,,,0.11,"POLYGON((-94.7995425799 29.7552287152,-94.8072562583 29.7623739414,-94.7800745011 29.7790989312999,-94.7705838126999 29.7719173406))","Trinity Bay"
"Menidia beryllina","eats","Acartia tonsa",29.767257,-94.78913,,"Dixon, 1974",-13194000000,1652586,1652594,,,"Literature","Literature",,,,,,,,,,0.31,"POLYGON((-94.7995425799 29.7552287152,-94.8072562583 29.7623739414,-94.7800745011 29.7790989312999,-94.7705838126999 29.7719173406))","Trinity Bay"
"Menidia beryllina","eats","Cirripedia",29.767257,-94.78913,,"Dixon, 1974",-13194000000,1652586,1652592,,"nauplius stage","Literature","Literature",,,,,,,,,,0.07,"POLYGON((-94.7995425799 29.7552287152,-94.8072562583 29.7623739414,-94.7800745011 29.7790989312999,-94.7705838126999 29.7719173406))","Trinity Bay"
"Menidia beryllina","eats","Polychaeta",29.767257,-94.78913,,"Dixon, 1974",-13194000000,1652586,1652590,,,"Literature","Literature",,,,,,,,,,0.05,"POLYGON((-94.7995425799 29.7552287152,-94.8072562583 29.7623739414,-94.7800745011 29.7790989312999,-94.7705838126999 29.7719173406))","Trinity Bay"
"Menidia beryllina","eats","Insecta",29.767257,-94.78913,,"Dixon, 1974",-13194000000,1652586,1652588,,,"Literature","Literature",,,,,,,,,,0.3,"POLYGON((-94.7995425799 29.7552287152,-94.8072562583 29.7623739414,-94.7800745011 29.7790989312999,-94.7705838126999 29.7719173406))","Trinity Bay"
"Menidia beryllina","eats","Arachnida",29.696252,-94.945383,,"Dixon, 1974",-13194000000,1652560,1652584,,,"Literature","Literature",,,,,,,,,,0.12,"POLYGON((-94.9392419968 29.6946376179,-94.9485457204 29.6914047902999,-94.9515233897 29.6973126345,-94.942649711 29.7014686300999))","Tabbs Bay"
"Menidia beryllina","eats","Amphipoda",29.696252,-94.945383,,"Dixon, 1974",-13194000000,1652560,1652582,,,"Literature","Literature",,,,,,,,,,0.08,"POLYGON((-94.9392419968 29.6946376179,-94.9485457204 29.6914047902999,-94.9515233897 29.6973126345,-94.942649711 29.7014686300999))","Tabbs Bay"
"Menidia beryllina","eats","Cyclopoida",29.696252,-94.945383,,"Dixon, 1974",-13194000000,1652560,1652580,,,"Literature","Literature",,,,,,,,,,0.4,"POLYGON((-94.9392419968 29.6946376179,-94.9485457204 29.6914047902999,-94.9515233897 29.6973126345,-94.942649711 29.7014686300999))","Tabbs Bay"
"Menidia beryllina","eats","Harpacticoida",29.696252,-94.945383,,"Dixon, 1974",-13194000000,1652560,1652578,,,"Literature","Literature",,,,,,,,,,0.55,"POLYGON((-94.9392419968 29.6946376179,-94.9485457204 29.6914047902999,-94.9515233897 29.6973126345,-94.942649711 29.7014686300999))","Tabbs Bay"
"Menidia beryllina","eats","Insecta",29.696252,-94.945383,,"Dixon, 1974",-13194000000,1652560,1652576,,"larval stage","Literature","Literature",,,,,,,,,,,"POLYGON((-94.9392419968 29.6946376179,-94.9485457204 29.6914047902999,-94.9515233897 29.6973126345,-94.942649711 29.7014686300999))","Tabbs Bay"
"Menidia beryllina","eats","Actinopterygii",29.696252,-94.945383,,"Dixon, 1974",-13194000000,1652560,1652574,,,"Literature","Literature",,,,,,,,,,,"POLYGON((-94.9392419968 29.6946376179,-94.9485457204 29.6914047902999,-94.9515233897 29.6973126345,-94.942649711 29.7014686300999))","Tabbs Bay"
"Menidia beryllina","eats","Plantae",29.696252,-94.945383,,"Dixon, 1974",-13194000000,1652560,1652572,,,"Literature","Literature",,,,,,,,,,0.11,"POLYGON((-94.9392419968 29.6946376179,-94.9485457204 29.6914047902999,-94.9515233897 29.6973126345,-94.942649711 29.7014686300999))","Tabbs Bay"
"Menidia beryllina","eats","Animalia",29.696252,-94.945383,,"Dixon, 1974",-13194000000,1652560,1652570,,"egg","Literature","Literature",,,,,,,,,,0.11,"POLYGON((-94.9392419968 29.6946376179,-94.9485457204 29.6914047902999,-94.9515233897 29.6973126345,-94.942649711 29.7014686300999))","Tabbs Bay"
"Menidia beryllina","eats","Acartia tonsa",29.696252,-94.945383,,"Dixon, 1974",-13194000000,1652560,1652568,,,"Literature","Literature",,,,,,,,,,0.31,"POLYGON((-94.9392419968 29.6946376179,-94.9485457204 29.6914047902999,-94.9515233897 29.6973126345,-94.942649711 29.7014686300999))","Tabbs Bay"
"Menidia beryllina","eats","Cirripedia",29.696252,-94.945383,,"Dixon, 1974",-13194000000,1652560,1652566,,"nauplius stage","Literature","Literature",,,,,,,,,,0.07,"POLYGON((-94.9392419968 29.6946376179,-94.9485457204 29.6914047902999,-94.9515233897 29.6973126345,-94.942649711 29.7014686300999))","Tabbs Bay"
"Menidia beryllina","eats","Polychaeta",29.696252,-94.945383,,"Dixon, 1974",-13194000000,1652560,1652564,,,"Literature","Literature",,,,,,,,,,0.05,"POLYGON((-94.9392419968 29.6946376179,-94.9485457204 29.6914047902999,-94.9515233897 29.6973126345,-94.942649711 29.7014686300999))","Tabbs Bay"
"Menidia beryllina","eats","Insecta",29.696252,-94.945383,,"Dixon, 1974",-13194000000,1652560,1652562,,,"Literature","Literature",,,,,,,,,,0.3,"POLYGON((-94.9392419968 29.6946376179,-94.9485457204 29.6914047902999,-94.9515233897 29.6973126345,-94.942649711 29.7014686300999))","Tabbs Bay"
"Menidia beryllina","eats","Arachnida",29.696252,-94.945383,,"Dixon, 1974",-13194000000,1652638,1652662,,,"Literature","Literature",,,,,,,,,,,"POLYGON((-94.9392419968 29.6946376179,-94.9485457204 29.6914047902999,-94.9515233897 29.6973126345,-94.942649711 29.7014686300999))","Tabbs Bay"
"Menidia beryllina","eats","Amphipoda",29.696252,-94.945383,,"Dixon, 1974",-13194000000,1652638,1652660,,,"Literature","Literature",,,,,,,,,,0.3,"POLYGON((-94.9392419968 29.6946376179,-94.9485457204 29.6914047902999,-94.9515233897 29.6973126345,-94.942649711 29.7014686300999))","Tabbs Bay"
"Menidia beryllina","eats","Cyclopoida",29.696252,-94.945383,,"Dixon, 1974",-13194000000,1652638,1652658,,,"Literature","Literature",,,,,,,,,,0.13,"POLYGON((-94.9392419968 29.6946376179,-94.9485457204 29.6914047902999,-94.9515233897 29.6973126345,-94.942649711 29.7014686300999))","Tabbs Bay"
"Menidia beryllina","eats","Harpacticoida",29.696252,-94.945383,,"Dixon, 1974",-13194000000,1652638,1652656,,,"Literature","Literature",,,,,,,,,,0.27,"POLYGON((-94.9392419968 29.6946376179,-94.9485457204 29.6914047902999,-94.9515233897 29.6973126345,-94.942649711 29.7014686300999))","Tabbs Bay"
"Menidia beryllina","eats","Insecta",29.696252,-94.945383,,"Dixon, 1974",-13194000000,1652638,1652654,,"larval stage","Literature","Literature",,,,,,,,,,0.17,"POLYGON((-94.9392419968 29.6946376179,-94.9485457204 29.6914047902999,-94.9515233897 29.6973126345,-94.942649711 29.7014686300999))","Tabbs Bay"
"Menidia beryllina","eats","Actinopterygii",29.696252,-94.945383,,"Dixon, 1974",-13194000000,1652638,1652652,,,"Literature","Literature",,,,,,,,,,,"POLYGON((-94.9392419968 29.6946376179,-94.9485457204 29.6914047902999,-94.9515233897 29.6973126345,-94.942649711 29.7014686300999))","Tabbs Bay"
"Menidia beryllina","eats","Plantae",29.696252,-94.945383,,"Dixon, 1974",-13194000000,1652638,1652650,,,"Literature","Literature",,,,,,,,,,,"POLYGON((-94.9392419968 29.6946376179,-94.9485457204 29.6914047902999,-94.9515233897 29.6973126345,-94.942649711 29.7014686300999))","Tabbs Bay"
"Menidia beryllina","eats","Animalia",29.696252,-94.945383,,"Dixon, 1974",-13194000000,1652638,1652648,,"egg","Literature","Literature",,,,,,,,,,0.3,"POLYGON((-94.9392419968 29.6946376179,-94.9485457204 29.6914047902999,-94.9515233897 29.6973126345,-94.942649711 29.7014686300999))","Tabbs Bay"
"Menidia beryllina","eats","Acartia tonsa",29.696252,-94.945383,,"Dixon, 1974",-13194000000,1652638,1652646,,,"Literature","Literature",,,,,,,,,,0.1,"POLYGON((-94.9392419968 29.6946376179,-94.9485457204 29.6914047902999,-94.9515233897 29.6973126345,-94.942649711 29.7014686300999))","Tabbs Bay"
"Menidia beryllina","eats","Cirripedia",29.696252,-94.945383,,"Dixon, 1974",-13194000000,1652638,1652644,,"nauplius stage","Literature","Literature",,,,,,,,,,0.1,"POLYGON((-94.9392419968 29.6946376179,-94.9485457204 29.6914047902999,-94.9515233897 29.6973126345,-94.942649711 29.7014686300999))","Tabbs Bay"
"Menidia beryllina","eats","Polychaeta",29.696252,-94.945383,,"Dixon, 1974",-13194000000,1652638,1652642,,,"Literature","Literature",,,,,,,,,,0.71,"POLYGON((-94.9392419968 29.6946376179,-94.9485457204 29.6914047902999,-94.9515233897 29.6973126345,-94.942649711 29.7014686300999))","Tabbs Bay"
"Menidia beryllina","eats","Insecta",29.696252,-94.945383,,"Dixon, 1974",-13194000000,1652638,1652640,,,"Literature","Literature",,,,,,,,,,0.05,"POLYGON((-94.9392419968 29.6946376179,-94.9485457204 29.6914047902999,-94.9515233897 29.6973126345,-94.942649711 29.7014686300999))","Tabbs Bay"
"Menidia beryllina","eats","Arachnida",29.767257,-94.78913,,"Dixon, 1974",-13194000000,1652664,1652688,,,"Literature","Literature",,,,,,,,,,,"POLYGON((-94.7995425799 29.7552287152,-94.8072562583 29.7623739414,-94.7800745011 29.7790989312999,-94.7705838126999 29.7719173406))","Trinity Bay"
"Menidia beryllina","eats","Amphipoda",29.767257,-94.78913,,"Dixon, 1974",-13194000000,1652664,1652686,,,"Literature","Literature",,,,,,,,,,0.3,"POLYGON((-94.7995425799 29.7552287152,-94.8072562583 29.7623739414,-94.7800745011 29.7790989312999,-94.7705838126999 29.7719173406))","Trinity Bay"
"Menidia beryllina","eats","Cyclopoida",29.767257,-94.78913,,"Dixon, 1974",-13194000000,1652664,1652684,,,"Literature","Literature",,,,,,,,,,0.13,"POLYGON((-94.7995425799 29.7552287152,-94.8072562583 29.7623739414,-94.7800745011 29.7790989312999,-94.7705838126999 29.7719173406))","Trinity Bay"
"Menidia beryllina","eats","Harpacticoida",29.767257,-94.78913,,"Dixon, 1974",-13194000000,1652664,1652682,,,"Literature","Literature",,,,,,,,,,0.27,"POLYGON((-94.7995425799 29.7552287152,-94.8072562583 29.7623739414,-94.7800745011 29.7790989312999,-94.7705838126999 29.7719173406))","Trinity Bay"
"Menidia beryllina","eats","Insecta",29.767257,-94.78913,,"Dixon, 1974",-13194000000,1652664,1652680,,"larval stage","Literature","Literature",,,,,,,,,,0.17,"POLYGON((-94.7995425799 29.7552287152,-94.8072562583 29.7623739414,-94.7800745011 29.7790989312999,-94.7705838126999 29.7719173406))","Trinity Bay"
"Menidia beryllina","eats","Actinopterygii",29.767257,-94.78913,,"Dixon, 1974",-13194000000,1652664,1652678,,,"Literature","Literature",,,,,,,,,,,"POLYGON((-94.7995425799 29.7552287152,-94.8072562583 29.7623739414,-94.7800745011 29.7790989312999,-94.7705838126999 29.7719173406))","Trinity Bay"
"Menidia beryllina","eats","Plantae",29.767257,-94.78913,,"Dixon, 1974",-13194000000,1652664,1652676,,,"Literature","Literature",,,,,,,,,,,"POLYGON((-94.7995425799 29.7552287152,-94.8072562583 29.7623739414,-94.7800745011 29.7790989312999,-94.7705838126999 29.7719173406))","Trinity Bay"
"Menidia beryllina","eats","Animalia",29.767257,-94.78913,,"Dixon, 1974",-13194000000,1652664,1652674,,"egg","Literature","Literature",,,,,,,,,,0.3,"POLYGON((-94.7995425799 29.7552287152,-94.8072562583 29.7623739414,-94.7800745011 29.7790989312999,-94.7705838126999 29.7719173406))","Trinity Bay"
"Menidia beryllina","eats","Acartia tonsa",29.767257,-94.78913,,"Dixon, 1974",-13194000000,1652664,1652672,,,"Literature","Literature",,,,,,,,,,0.1,"POLYGON((-94.7995425799 29.7552287152,-94.8072562583 29.7623739414,-94.7800745011 29.7790989312999,-94.7705838126999 29.7719173406))","Trinity Bay"
"Menidia beryllina","eats","Cirripedia",29.767257,-94.78913,,"Dixon, 1974",-13194000000,1652664,1652670,,"nauplius stage","Literature","Literature",,,,,,,,,,0.1,"POLYGON((-94.7995425799 29.7552287152,-94.8072562583 29.7623739414,-94.7800745011 29.7790989312999,-94.7705838126999 29.7719173406))","Trinity Bay"
"Menidia beryllina","eats","Polychaeta",29.767257,-94.78913,,"Dixon, 1974",-13194000000,1652664,1652668,,,"Literature","Literature",,,,,,,,,,0.71,"POLYGON((-94.7995425799 29.7552287152,-94.8072562583 29.7623739414,-94.7800745011 29.7790989312999,-94.7705838126999 29.7719173406))","Trinity Bay"
"Menidia beryllina","eats","Insecta",29.767257,-94.78913,,"Dixon, 1974",-13194000000,1652664,1652666,,,"Literature","Literature",,,,,,,,,,0.05,"POLYGON((-94.7995425799 29.7552287152,-94.8072562583 29.7623739414,-94.7800745011 29.7790989312999,-94.7705838126999 29.7719173406))","Trinity Bay"
"Menidia beryllina","eats","Arachnida",29.741246,-94.827046,,"Dixon, 1974",-13194000000,1652612,1652636,,,"Literature","Literature",,,,,,,,,,,"POLYGON((-94.8055415573 29.7563529421,-94.8373662229 29.7215064705,-94.8465887643999 29.7321732143999,-94.8173632170999 29.7574550349,-94.8093280803 29.759590285))","Trinity Bay"
"Menidia beryllina","eats","Amphipoda",29.741246,-94.827046,,"Dixon, 1974",-13194000000,1652612,1652634,,,"Literature","Literature",,,,,,,,,,0.3,"POLYGON((-94.8055415573 29.7563529421,-94.8373662229 29.7215064705,-94.8465887643999 29.7321732143999,-94.8173632170999 29.7574550349,-94.8093280803 29.759590285))","Trinity Bay"
"Menidia beryllina","eats","Cyclopoida",29.741246,-94.827046,,"Dixon, 1974",-13194000000,1652612,1652632,,,"Literature","Literature",,,,,,,,,,0.13,"POLYGON((-94.8055415573 29.7563529421,-94.8373662229 29.7215064705,-94.8465887643999 29.7321732143999,-94.8173632170999 29.7574550349,-94.8093280803 29.759590285))","Trinity Bay"
"Menidia beryllina","eats","Harpacticoida",29.741246,-94.827046,,"Dixon, 1974",-13194000000,1652612,1652630,,,"Literature","Literature",,,,,,,,,,0.27,"POLYGON((-94.8055415573 29.7563529421,-94.8373662229 29.7215064705,-94.8465887643999 29.7321732143999,-94.8173632170999 29.7574550349,-94.8093280803 29.759590285))","Trinity Bay"
"Menidia beryllina","eats","Insecta",29.741246,-94.827046,,"Dixon, 1974",-13194000000,1652612,1652628,,"larval stage","Literature","Literature",,,,,,,,,,0.17,"POLYGON((-94.8055415573 29.7563529421,-94.8373662229 29.7215064705,-94.8465887643999 29.7321732143999,-94.8173632170999 29.7574550349,-94.8093280803 29.759590285))","Trinity Bay"
"Menidia beryllina","eats","Actinopterygii",29.741246,-94.827046,,"Dixon, 1974",-13194000000,1652612,1652626,,,"Literature","Literature",,,,,,,,,,,"POLYGON((-94.8055415573 29.7563529421,-94.8373662229 29.7215064705,-94.8465887643999 29.7321732143999,-94.8173632170999 29.7574550349,-94.8093280803 29.759590285))","Trinity Bay"
"Menidia beryllina","eats","Plantae",29.741246,-94.827046,,"Dixon, 1974",-13194000000,1652612,1652624,,,"Literature","Literature",,,,,,,,,,,"POLYGON((-94.8055415573 29.7563529421,-94.8373662229 29.7215064705,-94.8465887643999 29.7321732143999,-94.8173632170999 29.7574550349,-94.8093280803 29.759590285))","Trinity Bay"
"Menidia beryllina","eats","Animalia",29.741246,-94.827046,,"Dixon, 1974",-13194000000,1652612,1652622,,"egg","Literature","Literature",,,,,,,,,,0.3,"POLYGON((-94.8055415573 29.7563529421,-94.8373662229 29.7215064705,-94.8465887643999 29.7321732143999,-94.8173632170999 29.7574550349,-94.8093280803 29.759590285))","Trinity Bay"
"Menidia beryllina","eats","Acartia tonsa",29.741246,-94.827046,,"Dixon, 1974",-13194000000,1652612,1652620,,,"Literature","Literature",,,,,,,,,,0.1,"POLYGON((-94.8055415573 29.7563529421,-94.8373662229 29.7215064705,-94.8465887643999 29.7321732143999,-94.8173632170999 29.7574550349,-94.8093280803 29.759590285))","Trinity Bay"
"Menidia beryllina","eats","Cirripedia",29.741246,-94.827046,,"Dixon, 1974",-13194000000,1652612,1652618,,"nauplius stage","Literature","Literature",,,,,,,,,,0.1,"POLYGON((-94.8055415573 29.7563529421,-94.8373662229 29.7215064705,-94.8465887643999 29.7321732143999,-94.8173632170999 29.7574550349,-94.8093280803 29.759590285))","Trinity Bay"
"Menidia beryllina","eats","Polychaeta",29.741246,-94.827046,,"Dixon, 1974",-13194000000,1652612,1652616,,,"Literature","Literature",,,,,,,,,,0.71,"POLYGON((-94.8055415573 29.7563529421,-94.8373662229 29.7215064705,-94.8465887643999 29.7321732143999,-94.8173632170999 29.7574550349,-94.8093280803 29.759590285))","Trinity Bay"
"Menidia beryllina","eats","Insecta",29.741246,-94.827046,,"Dixon, 1974",-13194000000,1652612,1652614,,,"Literature","Literature",,,,,,,,,,0.05,"POLYGON((-94.8055415573 29.7563529421,-94.8373662229 29.7215064705,-94.8465887643999 29.7321732143999,-94.8173632170999 29.7574550349,-94.8093280803 29.759590285))","Trinity Bay"
"Menidia beryllina","eats","Arachnida",29.696252,-94.945383,,"Dixon, 1974",-13194000000,1652722,1652746,,,"Literature","Literature",,,,,,,,,,0.08,"POLYGON((-94.9392419968 29.6946376179,-94.9485457204 29.6914047902999,-94.9515233897 29.6973126345,-94.942649711 29.7014686300999))","Tabbs Bay"
"Menidia beryllina","eats","Amphipoda",29.696252,-94.945383,,"Dixon, 1974",-13194000000,1652722,1652744,,,"Literature","Literature",,,,,,,,,,0.05,"POLYGON((-94.9392419968 29.6946376179,-94.9485457204 29.6914047902999,-94.9515233897 29.6973126345,-94.942649711 29.7014686300999))","Tabbs Bay"
"Menidia beryllina","eats","Cyclopoida",29.696252,-94.945383,,"Dixon, 1974",-13194000000,1652722,1652742,,,"Literature","Literature",,,,,,,,,,0.38,"POLYGON((-94.9392419968 29.6946376179,-94.9485457204 29.6914047902999,-94.9515233897 29.6973126345,-94.942649711 29.7014686300999))","Tabbs Bay"
"Menidia beryllina","eats","Harpacticoida",29.696252,-94.945383,,"Dixon, 1974",-13194000000,1652722,1652740,,,"Literature","Literature",,,,,,,,,,0.21,"POLYGON((-94.9392419968 29.6946376179,-94.9485457204 29.6914047902999,-94.9515233897 29.6973126345,-94.942649711 29.7014686300999))","Tabbs Bay"
"Menidia beryllina","eats","Insecta",29.696252,-94.945383,,"Dixon, 1974",-13194000000,1652722,1652738,,"larval stage","Literature","Literature",,,,,,,,,,0.27,"POLYGON((-94.9392419968 29.6946376179,-94.9485457204 29.6914047902999,-94.9515233897 29.6973126345,-94.942649711 29.7014686300999))","Tabbs Bay"
"Menidia beryllina","eats","Actinopterygii",29.696252,-94.945383,,"Dixon, 1974",-13194000000,1652722,1652736,,,"Literature","Literature",,,,,,,,,,,"POLYGON((-94.9392419968 29.6946376179,-94.9485457204 29.6914047902999,-94.9515233897 29.6973126345,-94.942649711 29.7014686300999))","Tabbs Bay"
"Menidia beryllina","eats","Plantae",29.696252,-94.945383,,"Dixon, 1974",-13194000000,1652722,1652734,,,"Literature","Literature",,,,,,,,,,,"POLYGON((-94.9392419968 29.6946376179,-94.9485457204 29.6914047902999,-94.9515233897 29.6973126345,-94.942649711 29.7014686300999))","Tabbs Bay"
"Menidia beryllina","eats","Animalia",29.696252,-94.945383,,"Dixon, 1974",-13194000000,1652722,1652732,,"egg","Literature","Literature",,,,,,,,,,,"POLYGON((-94.9392419968 29.6946376179,-94.9485457204 29.6914047902999,-94.9515233897 29.6973126345,-94.942649711 29.7014686300999))","Tabbs Bay"
"Menidia beryllina","eats","Acartia tonsa",29.696252,-94.945383,,"Dixon, 1974",-13194000000,1652722,1652730,,,"Literature","Literature",,,,,,,,,,0.3,"POLYGON((-94.9392419968 29.6946376179,-94.9485457204 29.6914047902999,-94.9515233897 29.6973126345,-94.942649711 29.7014686300999))","Tabbs Bay"
"Menidia beryllina","eats","Cirripedia",29.696252,-94.945383,,"Dixon, 1974",-13194000000,1652722,1652728,,"nauplius stage","Literature","Literature",,,,,,,,,,0.2,"POLYGON((-94.9392419968 29.6946376179,-94.9485457204 29.6914047902999,-94.9515233897 29.6973126345,-94.942649711 29.7014686300999))","Tabbs Bay"
"Menidia beryllina","eats","Polychaeta",29.696252,-94.945383,,"Dixon, 1974",-13194000000,1652722,1652726,,,"Literature","Literature",,,,,,,,,,0.28,"POLYGON((-94.9392419968 29.6946376179,-94.9485457204 29.6914047902999,-94.9515233897 29.6973126345,-94.942649711 29.7014686300999))","Tabbs Bay"
"Menidia beryllina","eats","Insecta",29.696252,-94.945383,,"Dixon, 1974",-13194000000,1652722,1652724,,,"Literature","Literature",,,,,,,,,,0.55,"POLYGON((-94.9392419968 29.6946376179,-94.9485457204 29.6914047902999,-94.9515233897 29.6973126345,-94.942649711 29.7014686300999))","Tabbs Bay"
"Menidia beryllina","eats","Arachnida",29.741246,-94.827046,,"Dixon, 1974",-13194000000,1652696,1652720,,,"Literature","Literature",,,,,,,,,,0.08,"POLYGON((-94.8055415573 29.7563529421,-94.8373662229 29.7215064705,-94.8465887643999 29.7321732143999,-94.8173632170999 29.7574550349,-94.8093280803 29.759590285))","Trinity Bay"
"Menidia beryllina","eats","Amphipoda",29.741246,-94.827046,,"Dixon, 1974",-13194000000,1652696,1652718,,,"Literature","Literature",,,,,,,,,,0.05,"POLYGON((-94.8055415573 29.7563529421,-94.8373662229 29.7215064705,-94.8465887643999 29.7321732143999,-94.8173632170999 29.7574550349,-94.8093280803 29.759590285))","Trinity Bay"
"Menidia beryllina","eats","Cyclopoida",29.741246,-94.827046,,"Dixon, 1974",-13194000000,1652696,1652716,,,"Literature","Literature",,,,,,,,,,0.38,"POLYGON((-94.8055415573 29.7563529421,-94.8373662229 29.7215064705,-94.8465887643999 29.7321732143999,-94.8173632170999 29.7574550349,-94.8093280803 29.759590285))","Trinity Bay"
"Menidia beryllina","eats","Harpacticoida",29.741246,-94.827046,,"Dixon, 1974",-13194000000,1652696,1652714,,,"Literature","Literature",,,,,,,,,,0.21,"POLYGON((-94.8055415573 29.7563529421,-94.8373662229 29.7215064705,-94.8465887643999 29.7321732143999,-94.8173632170999 29.7574550349,-94.8093280803 29.759590285))","Trinity Bay"
"Menidia beryllina","eats","Insecta",29.741246,-94.827046,,"Dixon, 1974",-13194000000,1652696,1652712,,"larval stage","Literature","Literature",,,,,,,,,,0.27,"POLYGON((-94.8055415573 29.7563529421,-94.8373662229 29.7215064705,-94.8465887643999 29.7321732143999,-94.8173632170999 29.7574550349,-94.8093280803 29.759590285))","Trinity Bay"
"Menidia beryllina","eats","Actinopterygii",29.741246,-94.827046,,"Dixon, 1974",-13194000000,1652696,1652710,,,"Literature","Literature",,,,,,,,,,,"POLYGON((-94.8055415573 29.7563529421,-94.8373662229 29.7215064705,-94.8465887643999 29.7321732143999,-94.8173632170999 29.7574550349,-94.8093280803 29.759590285))","Trinity Bay"
"Menidia beryllina","eats","Plantae",29.741246,-94.827046,,"Dixon, 1974",-13194000000,1652696,1652708,,,"Literature","Literature",,,,,,,,,,,"POLYGON((-94.8055415573 29.7563529421,-94.8373662229 29.7215064705,-94.8465887643999 29.7321732143999,-94.8173632170999 29.7574550349,-94.8093280803 29.759590285))","Trinity Bay"
"Menidia beryllina","eats","Animalia",29.741246,-94.827046,,"Dixon, 1974",-13194000000,1652696,1652706,,"egg","Literature","Literature",,,,,,,,,,,"POLYGON((-94.8055415573 29.7563529421,-94.8373662229 29.7215064705,-94.8465887643999 29.7321732143999,-94.8173632170999 29.7574550349,-94.8093280803 29.759590285))","Trinity Bay"
"Menidia beryllina","eats","Acartia tonsa",29.741246,-94.827046,,"Dixon, 1974",-13194000000,1652696,1652704,,,"Literature","Literature",,,,,,,,,,0.3,"POLYGON((-94.8055415573 29.7563529421,-94.8373662229 29.7215064705,-94.8465887643999 29.7321732143999,-94.8173632170999 29.7574550349,-94.8093280803 29.759590285))","Trinity Bay"
"Menidia beryllina","eats","Cirripedia",29.741246,-94.827046,,"Dixon, 1974",-13194000000,1652696,1652702,,"nauplius stage","Literature","Literature",,,,,,,,,,0.2,"POLYGON((-94.8055415573 29.7563529421,-94.8373662229 29.7215064705,-94.8465887643999 29.7321732143999,-94.8173632170999 29.7574550349,-94.8093280803 29.759590285))","Trinity Bay"
"Menidia beryllina","eats","Polychaeta",29.741246,-94.827046,,"Dixon, 1974",-13194000000,1652696,1652700,,,"Literature","Literature",,,,,,,,,,0.28,"POLYGON((-94.8055415573 29.7563529421,-94.8373662229 29.7215064705,-94.8465887643999 29.7321732143999,-94.8173632170999 29.7574550349,-94.8093280803 29.759590285))","Trinity Bay"
"Menidia beryllina","eats","Insecta",29.741246,-94.827046,,"Dixon, 1974",-13194000000,1652696,1652698,,,"Literature","Literature",,,,,,,,,,0.55,"POLYGON((-94.8055415573 29.7563529421,-94.8373662229 29.7215064705,-94.8465887643999 29.7321732143999,-94.8173632170999 29.7574550349,-94.8093280803 29.759590285))","Trinity Bay"
"Menidia beryllina","eats","Arachnida",29.767257,-94.78913,,"Dixon, 1974",-13194000000,1652280,1652304,,,"Literature","Literature",,,,,,,,,,,"POLYGON((-94.7995425799 29.7552287152,-94.8072562583 29.7623739414,-94.7800745011 29.7790989312999,-94.7705838126999 29.7719173406))","Trinity Bay"
"Menidia beryllina","eats","Amphipoda",29.767257,-94.78913,,"Dixon, 1974",-13194000000,1652280,1652302,,,"Literature","Literature",,,,,,,,,,,"POLYGON((-94.7995425799 29.7552287152,-94.8072562583 29.7623739414,-94.7800745011 29.7790989312999,-94.7705838126999 29.7719173406))","Trinity Bay"
"Menidia beryllina","eats","Cyclopoida",29.767257,-94.78913,,"Dixon, 1974",-13194000000,1652280,1652300,,,"Literature","Literature",,,,,,,,,,,"POLYGON((-94.7995425799 29.7552287152,-94.8072562583 29.7623739414,-94.7800745011 29.7790989312999,-94.7705838126999 29.7719173406))","Trinity Bay"
"Menidia beryllina","eats","Harpacticoida",29.767257,-94.78913,,"Dixon, 1974",-13194000000,1652280,1652298,,,"Literature","Literature",,,,,,,,,,0.05,"POLYGON((-94.7995425799 29.7552287152,-94.8072562583 29.7623739414,-94.7800745011 29.7790989312999,-94.7705838126999 29.7719173406))","Trinity Bay"
"Menidia beryllina","eats","Insecta",29.767257,-94.78913,,"Dixon, 1974",-13194000000,1652280,1652296,,"larval stage","Literature","Literature",,,,,,,,,,,"POLYGON((-94.7995425799 29.7552287152,-94.8072562583 29.7623739414,-94.7800745011 29.7790989312999,-94.7705838126999 29.7719173406))","Trinity Bay"
"Menidia beryllina","eats","Actinopterygii",29.767257,-94.78913,,"Dixon, 1974",-13194000000,1652280,1652294,,,"Literature","Literature",,,,,,,,,,,"POLYGON((-94.7995425799 29.7552287152,-94.8072562583 29.7623739414,-94.7800745011 29.7790989312999,-94.7705838126999 29.7719173406))","Trinity Bay"
"Menidia beryllina","eats","Plantae",29.767257,-94.78913,,"Dixon, 1974",-13194000000,1652280,1652292,,,"Literature","Literature",,,,,,,,,,,"POLYGON((-94.7995425799 29.7552287152,-94.8072562583 29.7623739414,-94.7800745011 29.7790989312999,-94.7705838126999 29.7719173406))","Trinity Bay"
"Menidia beryllina","eats","Animalia",29.767257,-94.78913,,"Dixon, 1974",-13194000000,1652280,1652290,,"egg","Literature","Literature",,,,,,,,,,0.57,"POLYGON((-94.7995425799 29.7552287152,-94.8072562583 29.7623739414,-94.7800745011 29.7790989312999,-94.7705838126999 29.7719173406))","Trinity Bay"
"Menidia beryllina","eats","Acartia tonsa",29.767257,-94.78913,,"Dixon, 1974",-13194000000,1652280,1652288,,,"Literature","Literature",,,,,,,,,,0.67,"POLYGON((-94.7995425799 29.7552287152,-94.8072562583 29.7623739414,-94.7800745011 29.7790989312999,-94.7705838126999 29.7719173406))","Trinity Bay"
"Menidia beryllina","eats","Cirripedia",29.767257,-94.78913,,"Dixon, 1974",-13194000000,1652280,1652286,,"nauplius stage","Literature","Literature",,,,,,,,,,0.32,"POLYGON((-94.7995425799 29.7552287152,-94.8072562583 29.7623739414,-94.7800745011 29.7790989312999,-94.7705838126999 29.7719173406))","Trinity Bay"
"Menidia beryllina","eats","Polychaeta",29.767257,-94.78913,,"Dixon, 1974",-13194000000,1652280,1652284,,,"Literature","Literature",,,,,,,,,,,"POLYGON((-94.7995425799 29.7552287152,-94.8072562583 29.7623739414,-94.7800745011 29.7790989312999,-94.7705838126999 29.7719173406))","Trinity Bay"
"Menidia beryllina","eats","Insecta",29.767257,-94.78913,,"Dixon, 1974",-13194000000,1652280,1652282,,,"Literature","Literature",,,,,,,,,,0.41,"POLYGON((-94.7995425799 29.7552287152,-94.8072562583 29.7623739414,-94.7800745011 29.7790989312999,-94.7705838126999 29.7719173406))","Trinity Bay"
"Menidia beryllina","eats","Arachnida",29.696252,-94.945383,,"Dixon, 1974",-13194000000,1652254,1652278,,,"Literature","Literature",,,,,,,,,,,"POLYGON((-94.9392419968 29.6946376179,-94.9485457204 29.6914047902999,-94.9515233897 29.6973126345,-94.942649711 29.7014686300999))","Tabbs Bay"
"Menidia beryllina","eats","Amphipoda",29.696252,-94.945383,,"Dixon, 1974",-13194000000,1652254,1652276,,,"Literature","Literature",,,,,,,,,,,"POLYGON((-94.9392419968 29.6946376179,-94.9485457204 29.6914047902999,-94.9515233897 29.6973126345,-94.942649711 29.7014686300999))","Tabbs Bay"
"Menidia beryllina","eats","Cyclopoida",29.696252,-94.945383,,"Dixon, 1974",-13194000000,1652254,1652274,,,"Literature","Literature",,,,,,,,,,,"POLYGON((-94.9392419968 29.6946376179,-94.9485457204 29.6914047902999,-94.9515233897 29.6973126345,-94.942649711 29.7014686300999))","Tabbs Bay"
"Menidia beryllina","eats","Harpacticoida",29.696252,-94.945383,,"Dixon, 1974",-13194000000,1652254,1652272,,,"Literature","Literature",,,,,,,,,,0.05,"POLYGON((-94.9392419968 29.6946376179,-94.9485457204 29.6914047902999,-94.9515233897 29.6973126345,-94.942649711 29.7014686300999))","Tabbs Bay"
"Menidia beryllina","eats","Insecta",29.696252,-94.945383,,"Dixon, 1974",-13194000000,1652254,1652270,,"larval stage","Literature","Literature",,,,,,,,,,,"POLYGON((-94.9392419968 29.6946376179,-94.9485457204 29.6914047902999,-94.9515233897 29.6973126345,-94.942649711 29.7014686300999))","Tabbs Bay"
"Menidia beryllina","eats","Actinopterygii",29.696252,-94.945383,,"Dixon, 1974",-13194000000,1652254,1652268,,,"Literature","Literature",,,,,,,,,,,"POLYGON((-94.9392419968 29.6946376179,-94.9485457204 29.6914047902999,-94.9515233897 29.6973126345,-94.942649711 29.7014686300999))","Tabbs Bay"
"Menidia beryllina","eats","Plantae",29.696252,-94.945383,,"Dixon, 1974",-13194000000,1652254,1652266,,,"Literature","Literature",,,,,,,,,,,"POLYGON((-94.9392419968 29.6946376179,-94.9485457204 29.6914047902999,-94.9515233897 29.6973126345,-94.942649711 29.7014686300999))","Tabbs Bay"
"Menidia beryllina","eats","Animalia",29.696252,-94.945383,,"Dixon, 1974",-13194000000,1652254,1652264,,"egg","Literature","Literature",,,,,,,,,,0.57,"POLYGON((-94.9392419968 29.6946376179,-94.9485457204 29.6914047902999,-94.9515233897 29.6973126345,-94.942649711 29.7014686300999))","Tabbs Bay"
"Menidia beryllina","eats","Acartia tonsa",29.696252,-94.945383,,"Dixon, 1974",-13194000000,1652254,1652262,,,"Literature","Literature",,,,,,,,,,0.67,"POLYGON((-94.9392419968 29.6946376179,-94.9485457204 29.6914047902999,-94.9515233897 29.6973126345,-94.942649711 29.7014686300999))","Tabbs Bay"
"Menidia beryllina","eats","Cirripedia",29.696252,-94.945383,,"Dixon, 1974",-13194000000,1652254,1652260,,"nauplius stage","Literature","Literature",,,,,,,,,,0.32,"POLYGON((-94.9392419968 29.6946376179,-94.9485457204 29.6914047902999,-94.9515233897 29.6973126345,-94.942649711 29.7014686300999))","Tabbs Bay"
"Menidia beryllina","eats","Polychaeta",29.696252,-94.945383,,"Dixon, 1974",-13194000000,1652254,1652258,,,"Literature","Literature",,,,,,,,,,,"POLYGON((-94.9392419968 29.6946376179,-94.9485457204 29.6914047902999,-94.9515233897 29.6973126345,-94.942649711 29.7014686300999))","Tabbs Bay"
"Menidia beryllina","eats","Insecta",29.696252,-94.945383,,"Dixon, 1974",-13194000000,1652254,1652256,,,"Literature","Literature",,,,,,,,,,0.41,"POLYGON((-94.9392419968 29.6946376179,-94.9485457204 29.6914047902999,-94.9515233897 29.6973126345,-94.942649711 29.7014686300999))","Tabbs Bay"
"Menidia beryllina","eats","Arachnida",29.741246,-94.827046,,"Dixon, 1974",-13194000000,1652228,1652252,,,"Literature","Literature",,,,,,,,,,,"POLYGON((-94.8055415573 29.7563529421,-94.8373662229 29.7215064705,-94.8465887643999 29.7321732143999,-94.8173632170999 29.7574550349,-94.8093280803 29.759590285))","Trinity Bay"
"Menidia beryllina","eats","Amphipoda",29.741246,-94.827046,,"Dixon, 1974",-13194000000,1652228,1652250,,,"Literature","Literature",,,,,,,,,,,"POLYGON((-94.8055415573 29.7563529421,-94.8373662229 29.7215064705,-94.8465887643999 29.7321732143999,-94.8173632170999 29.7574550349,-94.8093280803 29.759590285))","Trinity Bay"
"Menidia beryllina","eats","Cyclopoida",29.741246,-94.827046,,"Dixon, 1974",-13194000000,1652228,1652248,,,"Literature","Literature",,,,,,,,,,,"POLYGON((-94.8055415573 29.7563529421,-94.8373662229 29.7215064705,-94.8465887643999 29.7321732143999,-94.8173632170999 29.7574550349,-94.8093280803 29.759590285))","Trinity Bay"
"Menidia beryllina","eats","Harpacticoida",29.741246,-94.827046,,"Dixon, 1974",-13194000000,1652228,1652246,,,"Literature","Literature",,,,,,,,,,0.05,"POLYGON((-94.8055415573 29.7563529421,-94.8373662229 29.7215064705,-94.8465887643999 29.7321732143999,-94.8173632170999 29.7574550349,-94.8093280803 29.759590285))","Trinity Bay"
"Menidia beryllina","eats","Insecta",29.741246,-94.827046,,"Dixon, 1974",-13194000000,1652228,1652244,,"larval stage","Literature","Literature",,,,,,,,,,,"POLYGON((-94.8055415573 29.7563529421,-94.8373662229 29.7215064705,-94.8465887643999 29.7321732143999,-94.8173632170999 29.7574550349,-94.8093280803 29.759590285))","Trinity Bay"
"Menidia beryllina","eats","Actinopterygii",29.741246,-94.827046,,"Dixon, 1974",-13194000000,1652228,1652242,,,"Literature","Literature",,,,,,,,,,,"POLYGON((-94.8055415573 29.7563529421,-94.8373662229 29.7215064705,-94.8465887643999 29.7321732143999,-94.8173632170999 29.7574550349,-94.8093280803 29.759590285))","Trinity Bay"
"Menidia beryllina","eats","Plantae",29.741246,-94.827046,,"Dixon, 1974",-13194000000,1652228,1652240,,,"Literature","Literature",,,,,,,,,,,"POLYGON((-94.8055415573 29.7563529421,-94.8373662229 29.7215064705,-94.8465887643999 29.7321732143999,-94.8173632170999 29.7574550349,-94.8093280803 29.759590285))","Trinity Bay"
"Menidia beryllina","eats","Animalia",29.741246,-94.827046,,"Dixon, 1974",-13194000000,1652228,1652238,,"egg","Literature","Literature",,,,,,,,,,0.57,"POLYGON((-94.8055415573 29.7563529421,-94.8373662229 29.7215064705,-94.8465887643999 29.7321732143999,-94.8173632170999 29.7574550349,-94.8093280803 29.759590285))","Trinity Bay"
"Menidia beryllina","eats","Acartia tonsa",29.741246,-94.827046,,"Dixon, 1974",-13194000000,1652228,1652236,,,"Literature","Literature",,,,,,,,,,0.67,"POLYGON((-94.8055415573 29.7563529421,-94.8373662229 29.7215064705,-94.8465887643999 29.7321732143999,-94.8173632170999 29.7574550349,-94.8093280803 29.759590285))","Trinity Bay"
"Menidia beryllina","eats","Cirripedia",29.741246,-94.827046,,"Dixon, 1974",-13194000000,1652228,1652234,,"nauplius stage","Literature","Literature",,,,,,,,,,0.32,"POLYGON((-94.8055415573 29.7563529421,-94.8373662229 29.7215064705,-94.8465887643999 29.7321732143999,-94.8173632170999 29.7574550349,-94.8093280803 29.759590285))","Trinity Bay"
"Menidia beryllina","eats","Polychaeta",29.741246,-94.827046,,"Dixon, 1974",-13194000000,1652228,1652232,,,"Literature","Literature",,,,,,,,,,,"POLYGON((-94.8055415573 29.7563529421,-94.8373662229 29.7215064705,-94.8465887643999 29.7321732143999,-94.8173632170999 29.7574550349,-94.8093280803 29.759590285))","Trinity Bay"
"Menidia beryllina","eats","Insecta",29.741246,-94.827046,,"Dixon, 1974",-13194000000,1652228,1652230,,,"Literature","Literature",,,,,,,,,,0.41,"POLYGON((-94.8055415573 29.7563529421,-94.8373662229 29.7215064705,-94.8465887643999 29.7321732143999,-94.8173632170999 29.7574550349,-94.8093280803 29.759590285))","Trinity Bay"
"Menidia beryllina","eats","Arachnida",29.696252,-94.945383,,"Dixon, 1974",-13194000000,1652330,1652352,,,"Literature","Literature",,,,,,,,,,,"POLYGON((-94.9392419968 29.6946376179,-94.9485457204 29.6914047902999,-94.9515233897 29.6973126345,-94.942649711 29.7014686300999))","Tabbs Bay"
"Menidia beryllina","eats","Amphipoda",29.696252,-94.945383,,"Dixon, 1974",-13194000000,1652330,1652350,,,"Literature","Literature",,,,,,,,,,,"POLYGON((-94.9392419968 29.6946376179,-94.9485457204 29.6914047902999,-94.9515233897 29.6973126345,-94.942649711 29.7014686300999))","Tabbs Bay"
"Menidia beryllina","eats","Cyclopoida",29.696252,-94.945383,,"Dixon, 1974",-13194000000,1652330,1652348,,,"Literature","Literature",,,,,,,,,,0.1,"POLYGON((-94.9392419968 29.6946376179,-94.9485457204 29.6914047902999,-94.9515233897 29.6973126345,-94.942649711 29.7014686300999))","Tabbs Bay"
"Menidia beryllina","eats","Harpacticoida",29.696252,-94.945383,,"Dixon, 1974",-13194000000,1652330,1652346,,,"Literature","Literature",,,,,,,,,,0.28,"POLYGON((-94.9392419968 29.6946376179,-94.9485457204 29.6914047902999,-94.9515233897 29.6973126345,-94.942649711 29.7014686300999))","Tabbs Bay"
"Menidia beryllina","eats","Insecta",29.696252,-94.945383,,"Dixon, 1974",-13194000000,1652330,1652344,,"larval stage","Literature","Literature",,,,,,,,,,0.43,"POLYGON((-94.9392419968 29.6946376179,-94.9485457204 29.6914047902999,-94.9515233897 29.6973126345,-94.942649711 29.7014686300999))","Tabbs Bay"
"Menidia beryllina","eats","Actinopterygii",29.696252,-94.945383,,"Dixon, 1974",-13194000000,1652330,1652342,,,"Literature","Literature",,,,,,,,,,,"POLYGON((-94.9392419968 29.6946376179,-94.9485457204 29.6914047902999,-94.9515233897 29.6973126345,-94.942649711 29.7014686300999))","Tabbs Bay"
"Menidia beryllina","eats","Plantae",29.696252,-94.945383,,"Dixon, 1974",-13194000000,1652330,1652340,,,"Literature","Literature",,,,,,,,,,0.55,"POLYGON((-94.9392419968 29.6946376179,-94.9485457204 29.6914047902999,-94.9515233897 29.6973126345,-94.942649711 29.7014686300999))","Tabbs Bay"
"Menidia beryllina","eats","Animalia",29.696252,-94.945383,,"Dixon, 1974",-13194000000,1652330,1652338,,"egg","Literature","Literature",,,,,,,,,,,"POLYGON((-94.9392419968 29.6946376179,-94.9485457204 29.6914047902999,-94.9515233897 29.6973126345,-94.942649711 29.7014686300999))","Tabbs Bay"
"Menidia beryllina","eats","Acartia tonsa",29.696252,-94.945383,,"Dixon, 1974",-13194000000,1652330,1652336,,,"Literature","Literature",,,,,,,,,,0.83,"POLYGON((-94.9392419968 29.6946376179,-94.9485457204 29.6914047902999,-94.9515233897 29.6973126345,-94.942649711 29.7014686300999))","Tabbs Bay"
"Menidia beryllina","eats","Cirripedia",29.696252,-94.945383,,"Dixon, 1974",-13194000000,1652330,1652334,,"nauplius stage","Literature","Literature",,,,,,,,,,,"POLYGON((-94.9392419968 29.6946376179,-94.9485457204 29.6914047902999,-94.9515233897 29.6973126345,-94.942649711 29.7014686300999))","Tabbs Bay"
"Menidia beryllina","eats","Polychaeta",29.696252,-94.945383,,"Dixon, 1974",-13194000000,1652330,1652332,,,"Literature","Literature",,,,,,,,,,,"POLYGON((-94.9392419968 29.6946376179,-94.9485457204 29.6914047902999,-94.9515233897 29.6973126345,-94.942649711 29.7014686300999))","Tabbs Bay"
"Menidia beryllina","eats","Arachnida",29.741246,-94.827046,,"Dixon, 1974",-13194000000,1652306,1652328,,,"Literature","Literature",,,,,,,,,,,"POLYGON((-94.8055415573 29.7563529421,-94.8373662229 29.7215064705,-94.8465887643999 29.7321732143999,-94.8173632170999 29.7574550349,-94.8093280803 29.759590285))","Trinity Bay"
"Menidia beryllina","eats","Amphipoda",29.741246,-94.827046,,"Dixon, 1974",-13194000000,1652306,1652326,,,"Literature","Literature",,,,,,,,,,,"POLYGON((-94.8055415573 29.7563529421,-94.8373662229 29.7215064705,-94.8465887643999 29.7321732143999,-94.8173632170999 29.7574550349,-94.8093280803 29.759590285))","Trinity Bay"
"Menidia beryllina","eats","Cyclopoida",29.741246,-94.827046,,"Dixon, 1974",-13194000000,1652306,1652324,,,"Literature","Literature",,,,,,,,,,0.1,"POLYGON((-94.8055415573 29.7563529421,-94.8373662229 29.7215064705,-94.8465887643999 29.7321732143999,-94.8173632170999 29.7574550349,-94.8093280803 29.759590285))","Trinity Bay"
"Menidia beryllina","eats","Harpacticoida",29.741246,-94.827046,,"Dixon, 1974",-13194000000,1652306,1652322,,,"Literature","Literature",,,,,,,,,,0.28,"POLYGON((-94.8055415573 29.7563529421,-94.8373662229 29.7215064705,-94.8465887643999 29.7321732143999,-94.8173632170999 29.7574550349,-94.8093280803 29.759590285))","Trinity Bay"
"Menidia beryllina","eats","Insecta",29.741246,-94.827046,,"Dixon, 1974",-13194000000,1652306,1652320,,"larval stage","Literature","Literature",,,,,,,,,,0.43,"POLYGON((-94.8055415573 29.7563529421,-94.8373662229 29.7215064705,-94.8465887643999 29.7321732143999,-94.8173632170999 29.7574550349,-94.8093280803 29.759590285))","Trinity Bay"
"Menidia beryllina","eats","Actinopterygii",29.741246,-94.827046,,"Dixon, 1974",-13194000000,1652306,1652318,,,"Literature","Literature",,,,,,,,,,,"POLYGON((-94.8055415573 29.7563529421,-94.8373662229 29.7215064705,-94.8465887643999 29.7321732143999,-94.8173632170999 29.7574550349,-94.8093280803 29.759590285))","Trinity Bay"
"Menidia beryllina","eats","Plantae",29.741246,-94.827046,,"Dixon, 1974",-13194000000,1652306,1652316,,,"Literature","Literature",,,,,,,,,,0.55,"POLYGON((-94.8055415573 29.7563529421,-94.8373662229 29.7215064705,-94.8465887643999 29.7321732143999,-94.8173632170999 29.7574550349,-94.8093280803 29.759590285))","Trinity Bay"
"Menidia beryllina","eats","Animalia",29.741246,-94.827046,,"Dixon, 1974",-13194000000,1652306,1652314,,"egg","Literature","Literature",,,,,,,,,,,"POLYGON((-94.8055415573 29.7563529421,-94.8373662229 29.7215064705,-94.8465887643999 29.7321732143999,-94.8173632170999 29.7574550349,-94.8093280803 29.759590285))","Trinity Bay"
"Menidia beryllina","eats","Acartia tonsa",29.741246,-94.827046,,"Dixon, 1974",-13194000000,1652306,1652312,,,"Literature","Literature",,,,,,,,,,0.83,"POLYGON((-94.8055415573 29.7563529421,-94.8373662229 29.7215064705,-94.8465887643999 29.7321732143999,-94.8173632170999 29.7574550349,-94.8093280803 29.759590285))","Trinity Bay"
"Menidia beryllina","eats","Cirripedia",29.741246,-94.827046,,"Dixon, 1974",-13194000000,1652306,1652310,,"nauplius stage","Literature","Literature",,,,,,,,,,,"POLYGON((-94.8055415573 29.7563529421,-94.8373662229 29.7215064705,-94.8465887643999 29.7321732143999,-94.8173632170999 29.7574550349,-94.8093280803 29.759590285))","Trinity Bay"
"Menidia beryllina","eats","Polychaeta",29.741246,-94.827046,,"Dixon, 1974",-13194000000,1652306,1652308,,,"Literature","Literature",,,,,,,,,,,"POLYGON((-94.8055415573 29.7563529421,-94.8373662229 29.7215064705,-94.8465887643999 29.7321732143999,-94.8173632170999 29.7574550349,-94.8093280803 29.759590285))","Trinity Bay"
"Menidia beryllina","eats","Arachnida",29.696252,-94.945383,,"Dixon, 1974",-13194000000,1652404,1652428,,,"Literature","Literature",,,,,,,,,,0.09,"POLYGON((-94.9392419968 29.6946376179,-94.9485457204 29.6914047902999,-94.9515233897 29.6973126345,-94.942649711 29.7014686300999))","Tabbs Bay"
"Menidia beryllina","eats","Amphipoda",29.696252,-94.945383,,"Dixon, 1974",-13194000000,1652404,1652426,,,"Literature","Literature",,,,,,,,,,,"POLYGON((-94.9392419968 29.6946376179,-94.9485457204 29.6914047902999,-94.9515233897 29.6973126345,-94.942649711 29.7014686300999))","Tabbs Bay"
"Menidia beryllina","eats","Cyclopoida",29.696252,-94.945383,,"Dixon, 1974",-13194000000,1652404,1652424,,,"Literature","Literature",,,,,,,,,,,"POLYGON((-94.9392419968 29.6946376179,-94.9485457204 29.6914047902999,-94.9515233897 29.6973126345,-94.942649711 29.7014686300999))","Tabbs Bay"
"Menidia beryllina","eats","Harpacticoida",29.696252,-94.945383,,"Dixon, 1974",-13194000000,1652404,1652422,,,"Literature","Literature",,,,,,,,,,0.15,"POLYGON((-94.9392419968 29.6946376179,-94.9485457204 29.6914047902999,-94.9515233897 29.6973126345,-94.942649711 29.7014686300999))","Tabbs Bay"
"Menidia beryllina","eats","Insecta",29.696252,-94.945383,,"Dixon, 1974",-13194000000,1652404,1652420,,"larval stage","Literature","Literature",,,,,,,,,,0.21,"POLYGON((-94.9392419968 29.6946376179,-94.9485457204 29.6914047902999,-94.9515233897 29.6973126345,-94.942649711 29.7014686300999))","Tabbs Bay"
"Menidia beryllina","eats","Actinopterygii",29.696252,-94.945383,,"Dixon, 1974",-13194000000,1652404,1652418,,,"Literature","Literature",,,,,,,,,,,"POLYGON((-94.9392419968 29.6946376179,-94.9485457204 29.6914047902999,-94.9515233897 29.6973126345,-94.942649711 29.7014686300999))","Tabbs Bay"
"Menidia beryllina","eats","Plantae",29.696252,-94.945383,,"Dixon, 1974",-13194000000,1652404,1652416,,,"Literature","Literature",,,,,,,,,,0.3,"POLYGON((-94.9392419968 29.6946376179,-94.9485457204 29.6914047902999,-94.9515233897 29.6973126345,-94.942649711 29.7014686300999))","Tabbs Bay"
"Menidia beryllina","eats","Animalia",29.696252,-94.945383,,"Dixon, 1974",-13194000000,1652404,1652414,,"egg","Literature","Literature",,,,,,,,,,,"POLYGON((-94.9392419968 29.6946376179,-94.9485457204 29.6914047902999,-94.9515233897 29.6973126345,-94.942649711 29.7014686300999))","Tabbs Bay"
"Menidia beryllina","eats","Acartia tonsa",29.696252,-94.945383,,"Dixon, 1974",-13194000000,1652404,1652412,,,"Literature","Literature",,,,,,,,,,0.57,"POLYGON((-94.9392419968 29.6946376179,-94.9485457204 29.6914047902999,-94.9515233897 29.6973126345,-94.942649711 29.7014686300999))","Tabbs Bay"
"Menidia beryllina","eats","Cirripedia",29.696252,-94.945383,,"Dixon, 1974",-13194000000,1652404,1652410,,"nauplius stage","Literature","Literature",,,,,,,,,,0.41,"POLYGON((-94.9392419968 29.6946376179,-94.9485457204 29.6914047902999,-94.9515233897 29.6973126345,-94.942649711 29.7014686300999))","Tabbs Bay"
"Menidia beryllina","eats","Polychaeta",29.696252,-94.945383,,"Dixon, 1974",-13194000000,1652404,1652408,,,"Literature","Literature",,,,,,,,,,0.35,"POLYGON((-94.9392419968 29.6946376179,-94.9485457204 29.6914047902999,-94.9515233897 29.6973126345,-94.942649711 29.7014686300999))","Tabbs Bay"
"Menidia beryllina","eats","Insecta",29.696252,-94.945383,,"Dixon, 1974",-13194000000,1652404,1652406,,,"Literature","Literature",,,,,,,,,,0.12,"POLYGON((-94.9392419968 29.6946376179,-94.9485457204 29.6914047902999,-94.9515233897 29.6973126345,-94.942649711 29.7014686300999))","Tabbs Bay"
"Menidia beryllina","eats","Arachnida",29.741246,-94.827046,,"Dixon, 1974",-13194000000,1652378,1652402,,,"Literature","Literature",,,,,,,,,,0.09,"POLYGON((-94.8055415573 29.7563529421,-94.8373662229 29.7215064705,-94.8465887643999 29.7321732143999,-94.8173632170999 29.7574550349,-94.8093280803 29.759590285))","Trinity Bay"
"Menidia beryllina","eats","Amphipoda",29.741246,-94.827046,,"Dixon, 1974",-13194000000,1652378,1652400,,,"Literature","Literature",,,,,,,,,,,"POLYGON((-94.8055415573 29.7563529421,-94.8373662229 29.7215064705,-94.8465887643999 29.7321732143999,-94.8173632170999 29.7574550349,-94.8093280803 29.759590285))","Trinity Bay"
"Menidia beryllina","eats","Cyclopoida",29.741246,-94.827046,,"Dixon, 1974",-13194000000,1652378,1652398,,,"Literature","Literature",,,,,,,,,,,"POLYGON((-94.8055415573 29.7563529421,-94.8373662229 29.7215064705,-94.8465887643999 29.7321732143999,-94.8173632170999 29.7574550349,-94.8093280803 29.759590285))","Trinity Bay"
"Menidia beryllina","eats","Harpacticoida",29.741246,-94.827046,,"Dixon, 1974",-13194000000,1652378,1652396,,,"Literature","Literature",,,,,,,,,,0.15,"POLYGON((-94.8055415573 29.7563529421,-94.8373662229 29.7215064705,-94.8465887643999 29.7321732143999,-94.8173632170999 29.7574550349,-94.8093280803 29.759590285))","Trinity Bay"
"Menidia beryllina","eats","Insecta",29.741246,-94.827046,,"Dixon, 1974",-13194000000,1652378,1652394,,"larval stage","Literature","Literature",,,,,,,,,,0.21,"POLYGON((-94.8055415573 29.7563529421,-94.8373662229 29.7215064705,-94.8465887643999 29.7321732143999,-94.8173632170999 29.7574550349,-94.8093280803 29.759590285))","Trinity Bay"
"Menidia beryllina","eats","Actinopterygii",29.741246,-94.827046,,"Dixon, 1974",-13194000000,1652378,1652392,,,"Literature","Literature",,,,,,,,,,,"POLYGON((-94.8055415573 29.7563529421,-94.8373662229 29.7215064705,-94.8465887643999 29.7321732143999,-94.8173632170999 29.7574550349,-94.8093280803 29.759590285))","Trinity Bay"
"Menidia beryllina","eats","Plantae",29.741246,-94.827046,,"Dixon, 1974",-13194000000,1652378,1652390,,,"Literature","Literature",,,,,,,,,,0.3,"POLYGON((-94.8055415573 29.7563529421,-94.8373662229 29.7215064705,-94.8465887643999 29.7321732143999,-94.8173632170999 29.7574550349,-94.8093280803 29.759590285))","Trinity Bay"
"Menidia beryllina","eats","Animalia",29.741246,-94.827046,,"Dixon, 1974",-13194000000,1652378,1652388,,"egg","Literature","Literature",,,,,,,,,,,"POLYGON((-94.8055415573 29.7563529421,-94.8373662229 29.7215064705,-94.8465887643999 29.7321732143999,-94.8173632170999 29.7574550349,-94.8093280803 29.759590285))","Trinity Bay"
"Menidia beryllina","eats","Acartia tonsa",29.741246,-94.827046,,"Dixon, 1974",-13194000000,1652378,1652386,,,"Literature","Literature",,,,,,,,,,0.57,"POLYGON((-94.8055415573 29.7563529421,-94.8373662229 29.7215064705,-94.8465887643999 29.7321732143999,-94.8173632170999 29.7574550349,-94.8093280803 29.759590285))","Trinity Bay"
"Menidia beryllina","eats","Cirripedia",29.741246,-94.827046,,"Dixon, 1974",-13194000000,1652378,1652384,,"nauplius stage","Literature","Literature",,,,,,,,,,0.41,"POLYGON((-94.8055415573 29.7563529421,-94.8373662229 29.7215064705,-94.8465887643999 29.7321732143999,-94.8173632170999 29.7574550349,-94.8093280803 29.759590285))","Trinity Bay"
"Menidia beryllina","eats","Polychaeta",29.741246,-94.827046,,"Dixon, 1974",-13194000000,1652378,1652382,,,"Literature","Literature",,,,,,,,,,0.35,"POLYGON((-94.8055415573 29.7563529421,-94.8373662229 29.7215064705,-94.8465887643999 29.7321732143999,-94.8173632170999 29.7574550349,-94.8093280803 29.759590285))","Trinity Bay"
"Menidia beryllina","eats","Insecta",29.741246,-94.827046,,"Dixon, 1974",-13194000000,1652378,1652380,,,"Literature","Literature",,,,,,,,,,0.12,"POLYGON((-94.8055415573 29.7563529421,-94.8373662229 29.7215064705,-94.8465887643999 29.7321732143999,-94.8173632170999 29.7574550349,-94.8093280803 29.759590285))","Trinity Bay"
"Menidia beryllina","eats","Arachnida",29.767257,-94.78913,,"Dixon, 1974",-13194000000,1652354,1652376,,,"Literature","Literature",,,,,,,,,,,"POLYGON((-94.7995425799 29.7552287152,-94.8072562583 29.7623739414,-94.7800745011 29.7790989312999,-94.7705838126999 29.7719173406))","Trinity Bay"
"Menidia beryllina","eats","Amphipoda",29.767257,-94.78913,,"Dixon, 1974",-13194000000,1652354,1652374,,,"Literature","Literature",,,,,,,,,,,"POLYGON((-94.7995425799 29.7552287152,-94.8072562583 29.7623739414,-94.7800745011 29.7790989312999,-94.7705838126999 29.7719173406))","Trinity Bay"
"Menidia beryllina","eats","Cyclopoida",29.767257,-94.78913,,"Dixon, 1974",-13194000000,1652354,1652372,,,"Literature","Literature",,,,,,,,,,0.1,"POLYGON((-94.7995425799 29.7552287152,-94.8072562583 29.7623739414,-94.7800745011 29.7790989312999,-94.7705838126999 29.7719173406))","Trinity Bay"
"Menidia beryllina","eats","Harpacticoida",29.767257,-94.78913,,"Dixon, 1974",-13194000000,1652354,1652370,,,"Literature","Literature",,,,,,,,,,0.28,"POLYGON((-94.7995425799 29.7552287152,-94.8072562583 29.7623739414,-94.7800745011 29.7790989312999,-94.7705838126999 29.7719173406))","Trinity Bay"
"Menidia beryllina","eats","Insecta",29.767257,-94.78913,,"Dixon, 1974",-13194000000,1652354,1652368,,"larval stage","Literature","Literature",,,,,,,,,,0.43,"POLYGON((-94.7995425799 29.7552287152,-94.8072562583 29.7623739414,-94.7800745011 29.7790989312999,-94.7705838126999 29.7719173406))","Trinity Bay"
"Menidia beryllina","eats","Actinopterygii",29.767257,-94.78913,,"Dixon, 1974",-13194000000,1652354,1652366,,,"Literature","Literature",,,,,,,,,,,"POLYGON((-94.7995425799 29.7552287152,-94.8072562583 29.7623739414,-94.7800745011 29.7790989312999,-94.7705838126999 29.7719173406))","Trinity Bay"
"Menidia beryllina","eats","Plantae",29.767257,-94.78913,,"Dixon, 1974",-13194000000,1652354,1652364,,,"Literature","Literature",,,,,,,,,,0.55,"POLYGON((-94.7995425799 29.7552287152,-94.8072562583 29.7623739414,-94.7800745011 29.7790989312999,-94.7705838126999 29.7719173406))","Trinity Bay"
"Menidia beryllina","eats","Animalia",29.767257,-94.78913,,"Dixon, 1974",-13194000000,1652354,1652362,,"egg","Literature","Literature",,,,,,,,,,,"POLYGON((-94.7995425799 29.7552287152,-94.8072562583 29.7623739414,-94.7800745011 29.7790989312999,-94.7705838126999 29.7719173406))","Trinity Bay"
"Menidia beryllina","eats","Acartia tonsa",29.767257,-94.78913,,"Dixon, 1974",-13194000000,1652354,1652360,,,"Literature","Literature",,,,,,,,,,0.83,"POLYGON((-94.7995425799 29.7552287152,-94.8072562583 29.7623739414,-94.7800745011 29.7790989312999,-94.7705838126999 29.7719173406))","Trinity Bay"
"Menidia beryllina","eats","Cirripedia",29.767257,-94.78913,,"Dixon, 1974",-13194000000,1652354,1652358,,"nauplius stage","Literature","Literature",,,,,,,,,,,"POLYGON((-94.7995425799 29.7552287152,-94.8072562583 29.7623739414,-94.7800745011 29.7790989312999,-94.7705838126999 29.7719173406))","Trinity Bay"
"Menidia beryllina","eats","Polychaeta",29.767257,-94.78913,,"Dixon, 1974",-13194000000,1652354,1652356,,,"Literature","Literature",,,,,,,,,,,"POLYGON((-94.7995425799 29.7552287152,-94.8072562583 29.7623739414,-94.7800745011 29.7790989312999,-94.7705838126999 29.7719173406))","Trinity Bay"
"Menidia beryllina","eats","Arachnida",29.741246,-94.827046,,"Dixon, 1974",-13194000000,1652456,1652480,,,"Literature","Literature",,,,,,,,,,0.1,"POLYGON((-94.8055415573 29.7563529421,-94.8373662229 29.7215064705,-94.8465887643999 29.7321732143999,-94.8173632170999 29.7574550349,-94.8093280803 29.759590285))","Trinity Bay"
"Menidia beryllina","eats","Amphipoda",29.741246,-94.827046,,"Dixon, 1974",-13194000000,1652456,1652478,,,"Literature","Literature",,,,,,,,,,0.75,"POLYGON((-94.8055415573 29.7563529421,-94.8373662229 29.7215064705,-94.8465887643999 29.7321732143999,-94.8173632170999 29.7574550349,-94.8093280803 29.759590285))","Trinity Bay"
"Menidia beryllina","eats","Cyclopoida",29.741246,-94.827046,,"Dixon, 1974",-13194000000,1652456,1652476,,,"Literature","Literature",,,,,,,,,,0.27,"POLYGON((-94.8055415573 29.7563529421,-94.8373662229 29.7215064705,-94.8465887643999 29.7321732143999,-94.8173632170999 29.7574550349,-94.8093280803 29.759590285))","Trinity Bay"
"Menidia beryllina","eats","Harpacticoida",29.741246,-94.827046,,"Dixon, 1974",-13194000000,1652456,1652474,,,"Literature","Literature",,,,,,,,,,0.35,"POLYGON((-94.8055415573 29.7563529421,-94.8373662229 29.7215064705,-94.8465887643999 29.7321732143999,-94.8173632170999 29.7574550349,-94.8093280803 29.759590285))","Trinity Bay"
"Menidia beryllina","eats","Insecta",29.741246,-94.827046,,"Dixon, 1974",-13194000000,1652456,1652472,,"larval stage","Literature","Literature",,,,,,,,,,0.5,"POLYGON((-94.8055415573 29.7563529421,-94.8373662229 29.7215064705,-94.8465887643999 29.7321732143999,-94.8173632170999 29.7574550349,-94.8093280803 29.759590285))","Trinity Bay"
"Menidia beryllina","eats","Actinopterygii",29.741246,-94.827046,,"Dixon, 1974",-13194000000,1652456,1652470,,,"Literature","Literature",,,,,,,,,,,"POLYGON((-94.8055415573 29.7563529421,-94.8373662229 29.7215064705,-94.8465887643999 29.7321732143999,-94.8173632170999 29.7574550349,-94.8093280803 29.759590285))","Trinity Bay"
"Menidia beryllina","eats","Plantae",29.741246,-94.827046,,"Dixon, 1974",-13194000000,1652456,1652468,,,"Literature","Literature",,,,,,,,,,0.17,"POLYGON((-94.8055415573 29.7563529421,-94.8373662229 29.7215064705,-94.8465887643999 29.7321732143999,-94.8173632170999 29.7574550349,-94.8093280803 29.759590285))","Trinity Bay"
"Menidia beryllina","eats","Animalia",29.741246,-94.827046,,"Dixon, 1974",-13194000000,1652456,1652466,,"egg","Literature","Literature",,,,,,,,,,0.05,"POLYGON((-94.8055415573 29.7563529421,-94.8373662229 29.7215064705,-94.8465887643999 29.7321732143999,-94.8173632170999 29.7574550349,-94.8093280803 29.759590285))","Trinity Bay"
"Menidia beryllina","eats","Acartia tonsa",29.741246,-94.827046,,"Dixon, 1974",-13194000000,1652456,1652464,,,"Literature","Literature",,,,,,,,,,0.05,"POLYGON((-94.8055415573 29.7563529421,-94.8373662229 29.7215064705,-94.8465887643999 29.7321732143999,-94.8173632170999 29.7574550349,-94.8093280803 29.759590285))","Trinity Bay"
"Menidia beryllina","eats","Cirripedia",29.741246,-94.827046,,"Dixon, 1974",-13194000000,1652456,1652462,,"nauplius stage","Literature","Literature",,,,,,,,,,0.05,"POLYGON((-94.8055415573 29.7563529421,-94.8373662229 29.7215064705,-94.8465887643999 29.7321732143999,-94.8173632170999 29.7574550349,-94.8093280803 29.759590285))","Trinity Bay"
"Menidia beryllina","eats","Polychaeta",29.741246,-94.827046,,"Dixon, 1974",-13194000000,1652456,1652460,,,"Literature","Literature",,,,,,,,,,0.11,"POLYGON((-94.8055415573 29.7563529421,-94.8373662229 29.7215064705,-94.8465887643999 29.7321732143999,-94.8173632170999 29.7574550349,-94.8093280803 29.759590285))","Trinity Bay"
"Menidia beryllina","eats","Insecta",29.741246,-94.827046,,"Dixon, 1974",-13194000000,1652456,1652458,,,"Literature","Literature",,,,,,,,,,0.12,"POLYGON((-94.8055415573 29.7563529421,-94.8373662229 29.7215064705,-94.8465887643999 29.7321732143999,-94.8173632170999 29.7574550349,-94.8093280803 29.759590285))","Trinity Bay"
"Menidia beryllina","eats","Arachnida",29.767257,-94.78913,,"Dixon, 1974",-13194000000,1652430,1652454,,,"Literature","Literature",,,,,,,,,,0.09,"POLYGON((-94.7995425799 29.7552287152,-94.8072562583 29.7623739414,-94.7800745011 29.7790989312999,-94.7705838126999 29.7719173406))","Trinity Bay"
"Menidia beryllina","eats","Amphipoda",29.767257,-94.78913,,"Dixon, 1974",-13194000000,1652430,1652452,,,"Literature","Literature",,,,,,,,,,,"POLYGON((-94.7995425799 29.7552287152,-94.8072562583 29.7623739414,-94.7800745011 29.7790989312999,-94.7705838126999 29.7719173406))","Trinity Bay"
"Menidia beryllina","eats","Cyclopoida",29.767257,-94.78913,,"Dixon, 1974",-13194000000,1652430,1652450,,,"Literature","Literature",,,,,,,,,,,"POLYGON((-94.7995425799 29.7552287152,-94.8072562583 29.7623739414,-94.7800745011 29.7790989312999,-94.7705838126999 29.7719173406))","Trinity Bay"
"Menidia beryllina","eats","Harpacticoida",29.767257,-94.78913,,"Dixon, 1974",-13194000000,1652430,1652448,,,"Literature","Literature",,,,,,,,,,0.15,"POLYGON((-94.7995425799 29.7552287152,-94.8072562583 29.7623739414,-94.7800745011 29.7790989312999,-94.7705838126999 29.7719173406))","Trinity Bay"
"Menidia beryllina","eats","Insecta",29.767257,-94.78913,,"Dixon, 1974",-13194000000,1652430,1652446,,"larval stage","Literature","Literature",,,,,,,,,,0.21,"POLYGON((-94.7995425799 29.7552287152,-94.8072562583 29.7623739414,-94.7800745011 29.7790989312999,-94.7705838126999 29.7719173406))","Trinity Bay"
"Menidia beryllina","eats","Actinopterygii",29.767257,-94.78913,,"Dixon, 1974",-13194000000,1652430,1652444,,,"Literature","Literature",,,,,,,,,,,"POLYGON((-94.7995425799 29.7552287152,-94.8072562583 29.7623739414,-94.7800745011 29.7790989312999,-94.7705838126999 29.7719173406))","Trinity Bay"
"Menidia beryllina","eats","Plantae",29.767257,-94.78913,,"Dixon, 1974",-13194000000,1652430,1652442,,,"Literature","Literature",,,,,,,,,,0.3,"POLYGON((-94.7995425799 29.7552287152,-94.8072562583 29.7623739414,-94.7800745011 29.7790989312999,-94.7705838126999 29.7719173406))","Trinity Bay"
"Menidia beryllina","eats","Animalia",29.767257,-94.78913,,"Dixon, 1974",-13194000000,1652430,1652440,,"egg","Literature","Literature",,,,,,,,,,,"POLYGON((-94.7995425799 29.7552287152,-94.8072562583 29.7623739414,-94.7800745011 29.7790989312999,-94.7705838126999 29.7719173406))","Trinity Bay"
"Menidia beryllina","eats","Acartia tonsa",29.767257,-94.78913,,"Dixon, 1974",-13194000000,1652430,1652438,,,"Literature","Literature",,,,,,,,,,0.57,"POLYGON((-94.7995425799 29.7552287152,-94.8072562583 29.7623739414,-94.7800745011 29.7790989312999,-94.7705838126999 29.7719173406))","Trinity Bay"
"Menidia beryllina","eats","Cirripedia",29.767257,-94.78913,,"Dixon, 1974",-13194000000,1652430,1652436,,"nauplius stage","Literature","Literature",,,,,,,,,,0.41,"POLYGON((-94.7995425799 29.7552287152,-94.8072562583 29.7623739414,-94.7800745011 29.7790989312999,-94.7705838126999 29.7719173406))","Trinity Bay"
"Menidia beryllina","eats","Polychaeta",29.767257,-94.78913,,"Dixon, 1974",-13194000000,1652430,1652434,,,"Literature","Literature",,,,,,,,,,0.35,"POLYGON((-94.7995425799 29.7552287152,-94.8072562583 29.7623739414,-94.7800745011 29.7790989312999,-94.7705838126999 29.7719173406))","Trinity Bay"
"Menidia beryllina","eats","Insecta",29.767257,-94.78913,,"Dixon, 1974",-13194000000,1652430,1652432,,,"Literature","Literature",,,,,,,,,,0.12,"POLYGON((-94.7995425799 29.7552287152,-94.8072562583 29.7623739414,-94.7800745011 29.7790989312999,-94.7705838126999 29.7719173406))","Trinity Bay"
"Menidia beryllina","eats","Arachnida",29.767257,-94.78913,,"Dixon, 1974",-13194000000,1651982,1652004,,,"Literature","Literature",,,,,,,,,,0.05,"POLYGON((-94.7995425799 29.7552287152,-94.8072562583 29.7623739414,-94.7800745011 29.7790989312999,-94.7705838126999 29.7719173406))","Trinity Bay"
"Menidia beryllina","eats","Amphipoda",29.767257,-94.78913,,"Dixon, 1974",-13194000000,1651982,1652002,,,"Literature","Literature",,,,,1,,,,,0.15,"POLYGON((-94.7995425799 29.7552287152,-94.8072562583 29.7623739414,-94.7800745011 29.7790989312999,-94.7705838126999 29.7719173406))","Trinity Bay"
"Menidia beryllina","eats","Cyclopoida",29.767257,-94.78913,,"Dixon, 1974",-13194000000,1651982,1652000,,,"Literature","Literature",,,,,2,,,,,0.09,"POLYGON((-94.7995425799 29.7552287152,-94.8072562583 29.7623739414,-94.7800745011 29.7790989312999,-94.7705838126999 29.7719173406))","Trinity Bay"
"Menidia beryllina","eats","Harpacticoida",29.767257,-94.78913,,"Dixon, 1974",-13194000000,1651982,1651998,,,"Literature","Literature",,,,,5,,,,,0.11,"POLYGON((-94.7995425799 29.7552287152,-94.8072562583 29.7623739414,-94.7800745011 29.7790989312999,-94.7705838126999 29.7719173406))","Trinity Bay"
"Menidia beryllina","eats","Insecta",29.767257,-94.78913,,"Dixon, 1974",-13194000000,1651982,1651996,,"larval stage","Literature","Literature",,,,,,,,,,0.15,"POLYGON((-94.7995425799 29.7552287152,-94.8072562583 29.7623739414,-94.7800745011 29.7790989312999,-94.7705838126999 29.7719173406))","Trinity Bay"
"Menidia beryllina","eats","Plantae",29.767257,-94.78913,,"Dixon, 1974",-13194000000,1651982,1651994,,,"Literature","Literature",,,,,,,,,,0.1,"POLYGON((-94.7995425799 29.7552287152,-94.8072562583 29.7623739414,-94.7800745011 29.7790989312999,-94.7705838126999 29.7719173406))","Trinity Bay"
"Menidia beryllina","eats","Animalia",29.767257,-94.78913,,"Dixon, 1974",-13194000000,1651982,1651992,,"egg","Literature","Literature",,,,,120,,,,,0.05,"POLYGON((-94.7995425799 29.7552287152,-94.8072562583 29.7623739414,-94.7800745011 29.7790989312999,-94.7705838126999 29.7719173406))","Trinity Bay"
"Menidia beryllina","eats","Acartia tonsa",29.767257,-94.78913,,"Dixon, 1974",-13194000000,1651982,1651990,,,"Literature","Literature",,,,,72,,,,,0.26,"POLYGON((-94.7995425799 29.7552287152,-94.8072562583 29.7623739414,-94.7800745011 29.7790989312999,-94.7705838126999 29.7719173406))","Trinity Bay"
"Menidia beryllina","eats","Cirripedia",29.767257,-94.78913,,"Dixon, 1974",-13194000000,1651982,1651988,,"nauplius stage","Literature","Literature",,,,,11,,,,,0.05,"POLYGON((-94.7995425799 29.7552287152,-94.8072562583 29.7623739414,-94.7800745011 29.7790989312999,-94.7705838126999 29.7719173406))","Trinity Bay"
"Menidia beryllina","eats","Polychaeta",29.767257,-94.78913,,"Dixon, 1974",-13194000000,1651982,1651986,,,"Literature","Literature",,,,,,,,,,0.27,"POLYGON((-94.7995425799 29.7552287152,-94.8072562583 29.7623739414,-94.7800745011 29.7790989312999,-94.7705838126999 29.7719173406))","Trinity Bay"
"Menidia beryllina","eats","Insecta",29.767257,-94.78913,,"Dixon, 1974",-13194000000,1651982,1651984,,,"Literature","Literature",,,,,2,,,,,0.36,"POLYGON((-94.7995425799 29.7552287152,-94.8072562583 29.7623739414,-94.7800745011 29.7790989312999,-94.7705838126999 29.7719173406))","Trinity Bay"
"Menidia beryllina","eats","Arachnida",29.741246,-94.827046,,"Dixon, 1974",-13194000000,1652006,1652026,,,"Literature","Literature",,,,,,,,,,0.08,"POLYGON((-94.8055415573 29.7563529421,-94.8373662229 29.7215064705,-94.8465887643999 29.7321732143999,-94.8173632170999 29.7574550349,-94.8093280803 29.759590285))","Trinity Bay"
"Menidia beryllina","eats","Amphipoda",29.741246,-94.827046,,"Dixon, 1974",-13194000000,1652006,1652024,,,"Literature","Literature",,,,,2,,,,,0.11,"POLYGON((-94.8055415573 29.7563529421,-94.8373662229 29.7215064705,-94.8465887643999 29.7321732143999,-94.8173632170999 29.7574550349,-94.8093280803 29.759590285))","Trinity Bay"
"Menidia beryllina","eats","Harpacticoida",29.741246,-94.827046,,"Dixon, 1974",-13194000000,1652006,1652022,,,"Literature","Literature",,,,,2,,,,,0.11,"POLYGON((-94.8055415573 29.7563529421,-94.8373662229 29.7215064705,-94.8465887643999 29.7321732143999,-94.8173632170999 29.7574550349,-94.8093280803 29.759590285))","Trinity Bay"
"Menidia beryllina","eats","Insecta",29.741246,-94.827046,,"Dixon, 1974",-13194000000,1652006,1652020,,"larval stage","Literature","Literature",,,,,,,,,,0.15,"POLYGON((-94.8055415573 29.7563529421,-94.8373662229 29.7215064705,-94.8465887643999 29.7321732143999,-94.8173632170999 29.7574550349,-94.8093280803 29.759590285))","Trinity Bay"
"Menidia beryllina","eats","Actinopterygii",29.741246,-94.827046,,"Dixon, 1974",-13194000000,1652006,1652018,,,"Literature","Literature",,,,,,,,,,0.06,"POLYGON((-94.8055415573 29.7563529421,-94.8373662229 29.7215064705,-94.8465887643999 29.7321732143999,-94.8173632170999 29.7574550349,-94.8093280803 29.759590285))","Trinity Bay"
"Menidia beryllina","eats","Plantae",29.741246,-94.827046,,"Dixon, 1974",-13194000000,1652006,1652016,,,"Literature","Literature",,,,,,,,,,0.11,"POLYGON((-94.8055415573 29.7563529421,-94.8373662229 29.7215064705,-94.8465887643999 29.7321732143999,-94.8173632170999 29.7574550349,-94.8093280803 29.759590285))","Trinity Bay"
"Menidia beryllina","eats","Acartia tonsa",29.741246,-94.827046,,"Dixon, 1974",-13194000000,1652006,1652014,,,"Literature","Literature",,,,,23,,,,,0.08,"POLYGON((-94.8055415573 29.7563529421,-94.8373662229 29.7215064705,-94.8465887643999 29.7321732143999,-94.8173632170999 29.7574550349,-94.8093280803 29.759590285))","Trinity Bay"
"Menidia beryllina","eats","Cirripedia",29.741246,-94.827046,,"Dixon, 1974",-13194000000,1652006,1652012,,"nauplius stage","Literature","Literature",,,,,5,,,,,0.02,"POLYGON((-94.8055415573 29.7563529421,-94.8373662229 29.7215064705,-94.8465887643999 29.7321732143999,-94.8173632170999 29.7574550349,-94.8093280803 29.759590285))","Trinity Bay"
"Menidia beryllina","eats","Polychaeta",29.741246,-94.827046,,"Dixon, 1974",-13194000000,1652006,1652010,,,"Literature","Literature",,,,,,,,,,0.32,"POLYGON((-94.8055415573 29.7563529421,-94.8373662229 29.7215064705,-94.8465887643999 29.7321732143999,-94.8173632170999 29.7574550349,-94.8093280803 29.759590285))","Trinity Bay"
"Menidia beryllina","eats","Insecta",29.741246,-94.827046,,"Dixon, 1974",-13194000000,1652006,1652008,,,"Literature","Literature",,,,,2,,,,,0.39,"POLYGON((-94.8055415573 29.7563529421,-94.8373662229 29.7215064705,-94.8465887643999 29.7321732143999,-94.8173632170999 29.7574550349,-94.8093280803 29.759590285))","Trinity Bay"
"Menidia beryllina","eats","Arachnida",29.696252,-94.945383,,"Dixon, 1974",-13194000000,1652028,1652048,,,"Literature","Literature",,,,,,,,,,0.08,"POLYGON((-94.9392419968 29.6946376179,-94.9485457204 29.6914047902999,-94.9515233897 29.6973126345,-94.942649711 29.7014686300999))","Tabbs Bay"
"Menidia beryllina","eats","Amphipoda",29.696252,-94.945383,,"Dixon, 1974",-13194000000,1652028,1652046,,,"Literature","Literature",,,,,2,,,,,0.11,"POLYGON((-94.9392419968 29.6946376179,-94.9485457204 29.6914047902999,-94.9515233897 29.6973126345,-94.942649711 29.7014686300999))","Tabbs Bay"
"Menidia beryllina","eats","Harpacticoida",29.696252,-94.945383,,"Dixon, 1974",-13194000000,1652028,1652044,,,"Literature","Literature",,,,,2,,,,,0.11,"POLYGON((-94.9392419968 29.6946376179,-94.9485457204 29.6914047902999,-94.9515233897 29.6973126345,-94.942649711 29.7014686300999))","Tabbs Bay"
"Menidia beryllina","eats","Insecta",29.696252,-94.945383,,"Dixon, 1974",-13194000000,1652028,1652042,,"larval stage","Literature","Literature",,,,,,,,,,0.15,"POLYGON((-94.9392419968 29.6946376179,-94.9485457204 29.6914047902999,-94.9515233897 29.6973126345,-94.942649711 29.7014686300999))","Tabbs Bay"
"Menidia beryllina","eats","Actinopterygii",29.696252,-94.945383,,"Dixon, 1974",-13194000000,1652028,1652040,,,"Literature","Literature",,,,,,,,,,0.06,"POLYGON((-94.9392419968 29.6946376179,-94.9485457204 29.6914047902999,-94.9515233897 29.6973126345,-94.942649711 29.7014686300999))","Tabbs Bay"
"Menidia beryllina","eats","Plantae",29.696252,-94.945383,,"Dixon, 1974",-13194000000,1652028,1652038,,,"Literature","Literature",,,,,,,,,,0.11,"POLYGON((-94.9392419968 29.6946376179,-94.9485457204 29.6914047902999,-94.9515233897 29.6973126345,-94.942649711 29.7014686300999))","Tabbs Bay"
"Menidia beryllina","eats","Acartia tonsa",29.696252,-94.945383,,"Dixon, 1974",-13194000000,1652028,1652036,,,"Literature","Literature",,,,,23,,,,,0.08,"POLYGON((-94.9392419968 29.6946376179,-94.9485457204 29.6914047902999,-94.9515233897 29.6973126345,-94.942649711 29.7014686300999))","Tabbs Bay"
"Menidia beryllina","eats","Cirripedia",29.696252,-94.945383,,"Dixon, 1974",-13194000000,1652028,1652034,,"nauplius stage","Literature","Literature",,,,,5,,,,,0.02,"POLYGON((-94.9392419968 29.6946376179,-94.9485457204 29.6914047902999,-94.9515233897 29.6973126345,-94.942649711 29.7014686300999))","Tabbs Bay"
"Menidia beryllina","eats","Polychaeta",29.696252,-94.945383,,"Dixon, 1974",-13194000000,1652028,1652032,,,"Literature","Literature",,,,,,,,,,0.32,"POLYGON((-94.9392419968 29.6946376179,-94.9485457204 29.6914047902999,-94.9515233897 29.6973126345,-94.942649711 29.7014686300999))","Tabbs Bay"
"Menidia beryllina","eats","Insecta",29.696252,-94.945383,,"Dixon, 1974",-13194000000,1652028,1652030,,,"Literature","Literature",,,,,2,,,,,0.39,"POLYGON((-94.9392419968 29.6946376179,-94.9485457204 29.6914047902999,-94.9515233897 29.6973126345,-94.942649711 29.7014686300999))","Tabbs Bay"
"Menidia beryllina","eats","Arachnida",29.767257,-94.78913,,"Dixon, 1974",-13194000000,1652050,1652070,,,"Literature","Literature",,,,,,,,,,0.08,"POLYGON((-94.7995425799 29.7552287152,-94.8072562583 29.7623739414,-94.7800745011 29.7790989312999,-94.7705838126999 29.7719173406))","Trinity Bay"
"Menidia beryllina","eats","Amphipoda",29.767257,-94.78913,,"Dixon, 1974",-13194000000,1652050,1652068,,,"Literature","Literature",,,,,2,,,,,0.11,"POLYGON((-94.7995425799 29.7552287152,-94.8072562583 29.7623739414,-94.7800745011 29.7790989312999,-94.7705838126999 29.7719173406))","Trinity Bay"
"Menidia beryllina","eats","Harpacticoida",29.767257,-94.78913,,"Dixon, 1974",-13194000000,1652050,1652066,,,"Literature","Literature",,,,,2,,,,,0.11,"POLYGON((-94.7995425799 29.7552287152,-94.8072562583 29.7623739414,-94.7800745011 29.7790989312999,-94.7705838126999 29.7719173406))","Trinity Bay"
"Menidia beryllina","eats","Insecta",29.767257,-94.78913,,"Dixon, 1974",-13194000000,1652050,1652064,,"larval stage","Literature","Literature",,,,,,,,,,0.15,"POLYGON((-94.7995425799 29.7552287152,-94.8072562583 29.7623739414,-94.7800745011 29.7790989312999,-94.7705838126999 29.7719173406))","Trinity Bay"
"Menidia beryllina","eats","Actinopterygii",29.767257,-94.78913,,"Dixon, 1974",-13194000000,1652050,1652062,,,"Literature","Literature",,,,,,,,,,0.06,"POLYGON((-94.7995425799 29.7552287152,-94.8072562583 29.7623739414,-94.7800745011 29.7790989312999,-94.7705838126999 29.7719173406))","Trinity Bay"
"Menidia beryllina","eats","Plantae",29.767257,-94.78913,,"Dixon, 1974",-13194000000,1652050,1652060,,,"Literature","Literature",,,,,,,,,,0.11,"POLYGON((-94.7995425799 29.7552287152,-94.8072562583 29.7623739414,-94.7800745011 29.7790989312999,-94.7705838126999 29.7719173406))","Trinity Bay"
"Menidia beryllina","eats","Acartia tonsa",29.767257,-94.78913,,"Dixon, 1974",-13194000000,1652050,1652058,,,"Literature","Literature",,,,,23,,,,,0.08,"POLYGON((-94.7995425799 29.7552287152,-94.8072562583 29.7623739414,-94.7800745011 29.7790989312999,-94.7705838126999 29.7719173406))","Trinity Bay"
"Menidia beryllina","eats","Cirripedia",29.767257,-94.78913,,"Dixon, 1974",-13194000000,1652050,1652056,,"nauplius stage","Literature","Literature",,,,,5,,,,,0.02,"POLYGON((-94.7995425799 29.7552287152,-94.8072562583 29.7623739414,-94.7800745011 29.7790989312999,-94.7705838126999 29.7719173406))","Trinity Bay"
"Menidia beryllina","eats","Polychaeta",29.767257,-94.78913,,"Dixon, 1974",-13194000000,1652050,1652054,,,"Literature","Literature",,,,,,,,,,0.32,"POLYGON((-94.7995425799 29.7552287152,-94.8072562583 29.7623739414,-94.7800745011 29.7790989312999,-94.7705838126999 29.7719173406))","Trinity Bay"
"Menidia beryllina","eats","Insecta",29.767257,-94.78913,,"Dixon, 1974",-13194000000,1652050,1652052,,,"Literature","Literature",,,,,2,,,,,0.39,"POLYGON((-94.7995425799 29.7552287152,-94.8072562583 29.7623739414,-94.7800745011 29.7790989312999,-94.7705838126999 29.7719173406))","Trinity Bay"
"Menidia beryllina","eats","Amphipoda",29.741246,-94.827046,,"Dixon, 1974",-13194000000,1652072,1652090,,,"Literature","Literature",,,,,,,,,,0.08,"POLYGON((-94.8055415573 29.7563529421,-94.8373662229 29.7215064705,-94.8465887643999 29.7321732143999,-94.8173632170999 29.7574550349,-94.8093280803 29.759590285))","Trinity Bay"
"Menidia beryllina","eats","Cyclopoida",29.741246,-94.827046,,"Dixon, 1974",-13194000000,1652072,1652088,,,"Literature","Literature",,,,,,,,,,0.02,"POLYGON((-94.8055415573 29.7563529421,-94.8373662229 29.7215064705,-94.8465887643999 29.7321732143999,-94.8173632170999 29.7574550349,-94.8093280803 29.759590285))","Trinity Bay"
"Menidia beryllina","eats","Harpacticoida",29.741246,-94.827046,,"Dixon, 1974",-13194000000,1652072,1652086,,,"Literature","Literature",,,,,,,,,,0.02,"POLYGON((-94.8055415573 29.7563529421,-94.8373662229 29.7215064705,-94.8465887643999 29.7321732143999,-94.8173632170999 29.7574550349,-94.8093280803 29.759590285))","Trinity Bay"
"Menidia beryllina","eats","Insecta",29.741246,-94.827046,,"Dixon, 1974",-13194000000,1652072,1652084,,"larval stage","Literature","Literature",,,,,,,,,,0.08,"POLYGON((-94.8055415573 29.7563529421,-94.8373662229 29.7215064705,-94.8465887643999 29.7321732143999,-94.8173632170999 29.7574550349,-94.8093280803 29.759590285))","Trinity Bay"
"Menidia beryllina","eats","Actinopterygii",29.741246,-94.827046,,"Dixon, 1974",-13194000000,1652072,1652082,,,"Literature","Literature",,,,,,,,,,0.53,"POLYGON((-94.8055415573 29.7563529421,-94.8373662229 29.7215064705,-94.8465887643999 29.7321732143999,-94.8173632170999 29.7574550349,-94.8093280803 29.759590285))","Trinity Bay"
"Menidia beryllina","eats","Plantae",29.741246,-94.827046,,"Dixon, 1974",-13194000000,1652072,1652080,,,"Literature","Literature",,,,,,,,,,0.08,"POLYGON((-94.8055415573 29.7563529421,-94.8373662229 29.7215064705,-94.8465887643999 29.7321732143999,-94.8173632170999 29.7574550349,-94.8093280803 29.759590285))","Trinity Bay"
"Menidia beryllina","eats","Acartia tonsa",29.741246,-94.827046,,"Dixon, 1974",-13194000000,1652072,1652078,,,"Literature","Literature",,,,,,,,,,0.02,"POLYGON((-94.8055415573 29.7563529421,-94.8373662229 29.7215064705,-94.8465887643999 29.7321732143999,-94.8173632170999 29.7574550349,-94.8093280803 29.759590285))","Trinity Bay"
"Menidia beryllina","eats","Polychaeta",29.741246,-94.827046,,"Dixon, 1974",-13194000000,1652072,1652076,,,"Literature","Literature",,,,,,,,,,0.4,"POLYGON((-94.8055415573 29.7563529421,-94.8373662229 29.7215064705,-94.8465887643999 29.7321732143999,-94.8173632170999 29.7574550349,-94.8093280803 29.759590285))","Trinity Bay"
"Menidia beryllina","eats","Insecta",29.741246,-94.827046,,"Dixon, 1974",-13194000000,1652072,1652074,,,"Literature","Literature",,,,,,,,,,0.15,"POLYGON((-94.8055415573 29.7563529421,-94.8373662229 29.7215064705,-94.8465887643999 29.7321732143999,-94.8173632170999 29.7574550349,-94.8093280803 29.759590285))","Trinity Bay"
"Menidia beryllina","eats","Amphipoda",29.696252,-94.945383,,"Dixon, 1974",-13194000000,1652092,1652110,,,"Literature","Literature",,,,,,,,,,0.08,"POLYGON((-94.9392419968 29.6946376179,-94.9485457204 29.6914047902999,-94.9515233897 29.6973126345,-94.942649711 29.7014686300999))","Tabbs Bay"
"Menidia beryllina","eats","Cyclopoida",29.696252,-94.945383,,"Dixon, 1974",-13194000000,1652092,1652108,,,"Literature","Literature",,,,,,,,,,0.02,"POLYGON((-94.9392419968 29.6946376179,-94.9485457204 29.6914047902999,-94.9515233897 29.6973126345,-94.942649711 29.7014686300999))","Tabbs Bay"
"Menidia beryllina","eats","Harpacticoida",29.696252,-94.945383,,"Dixon, 1974",-13194000000,1652092,1652106,,,"Literature","Literature",,,,,,,,,,0.02,"POLYGON((-94.9392419968 29.6946376179,-94.9485457204 29.6914047902999,-94.9515233897 29.6973126345,-94.942649711 29.7014686300999))","Tabbs Bay"
"Menidia beryllina","eats","Insecta",29.696252,-94.945383,,"Dixon, 1974",-13194000000,1652092,1652104,,"larval stage","Literature","Literature",,,,,,,,,,0.08,"POLYGON((-94.9392419968 29.6946376179,-94.9485457204 29.6914047902999,-94.9515233897 29.6973126345,-94.942649711 29.7014686300999))","Tabbs Bay"
"Menidia beryllina","eats","Actinopterygii",29.696252,-94.945383,,"Dixon, 1974",-13194000000,1652092,1652102,,,"Literature","Literature",,,,,,,,,,0.53,"POLYGON((-94.9392419968 29.6946376179,-94.9485457204 29.6914047902999,-94.9515233897 29.6973126345,-94.942649711 29.7014686300999))","Tabbs Bay"
"Menidia beryllina","eats","Plantae",29.696252,-94.945383,,"Dixon, 1974",-13194000000,1652092,1652100,,,"Literature","Literature",,,,,,,,,,0.08,"POLYGON((-94.9392419968 29.6946376179,-94.9485457204 29.6914047902999,-94.9515233897 29.6973126345,-94.942649711 29.7014686300999))","Tabbs Bay"
"Menidia beryllina","eats","Acartia tonsa",29.696252,-94.945383,,"Dixon, 1974",-13194000000,1652092,1652098,,,"Literature","Literature",,,,,,,,,,0.02,"POLYGON((-94.9392419968 29.6946376179,-94.9485457204 29.6914047902999,-94.9515233897 29.6973126345,-94.942649711 29.7014686300999))","Tabbs Bay"
"Menidia beryllina","eats","Polychaeta",29.696252,-94.945383,,"Dixon, 1974",-13194000000,1652092,1652096,,,"Literature","Literature",,,,,,,,,,0.4,"POLYGON((-94.9392419968 29.6946376179,-94.9485457204 29.6914047902999,-94.9515233897 29.6973126345,-94.942649711 29.7014686300999))","Tabbs Bay"
"Menidia beryllina","eats","Insecta",29.696252,-94.945383,,"Dixon, 1974",-13194000000,1652092,1652094,,,"Literature","Literature",,,,,,,,,,0.15,"POLYGON((-94.9392419968 29.6946376179,-94.9485457204 29.6914047902999,-94.9515233897 29.6973126345,-94.942649711 29.7014686300999))","Tabbs Bay"
"Menidia beryllina","eats","Amphipoda",29.767257,-94.78913,,"Dixon, 1974",-13194000000,1652112,1652130,,,"Literature","Literature",,,,,,,,,,0.08,"POLYGON((-94.7995425799 29.7552287152,-94.8072562583 29.7623739414,-94.7800745011 29.7790989312999,-94.7705838126999 29.7719173406))","Trinity Bay"
"Menidia beryllina","eats","Cyclopoida",29.767257,-94.78913,,"Dixon, 1974",-13194000000,1652112,1652128,,,"Literature","Literature",,,,,,,,,,0.02,"POLYGON((-94.7995425799 29.7552287152,-94.8072562583 29.7623739414,-94.7800745011 29.7790989312999,-94.7705838126999 29.7719173406))","Trinity Bay"
"Menidia beryllina","eats","Harpacticoida",29.767257,-94.78913,,"Dixon, 1974",-13194000000,1652112,1652126,,,"Literature","Literature",,,,,,,,,,0.02,"POLYGON((-94.7995425799 29.7552287152,-94.8072562583 29.7623739414,-94.7800745011 29.7790989312999,-94.7705838126999 29.7719173406))","Trinity Bay"
"Menidia beryllina","eats","Insecta",29.767257,-94.78913,,"Dixon, 1974",-13194000000,1652112,1652124,,"larval stage","Literature","Literature",,,,,,,,,,0.08,"POLYGON((-94.7995425799 29.7552287152,-94.8072562583 29.7623739414,-94.7800745011 29.7790989312999,-94.7705838126999 29.7719173406))","Trinity Bay"
"Menidia beryllina","eats","Actinopterygii",29.767257,-94.78913,,"Dixon, 1974",-13194000000,1652112,1652122,,,"Literature","Literature",,,,,,,,,,0.53,"POLYGON((-94.7995425799 29.7552287152,-94.8072562583 29.7623739414,-94.7800745011 29.7790989312999,-94.7705838126999 29.7719173406))","Trinity Bay"
"Menidia beryllina","eats","Plantae",29.767257,-94.78913,,"Dixon, 1974",-13194000000,1652112,1652120,,,"Literature","Literature",,,,,,,,,,0.08,"POLYGON((-94.7995425799 29.7552287152,-94.8072562583 29.7623739414,-94.7800745011 29.7790989312999,-94.7705838126999 29.7719173406))","Trinity Bay"
"Menidia beryllina","eats","Acartia tonsa",29.767257,-94.78913,,"Dixon, 1974",-13194000000,1652112,1652118,,,"Literature","Literature",,,,,,,,,,0.02,"POLYGON((-94.7995425799 29.7552287152,-94.8072562583 29.7623739414,-94.7800745011 29.7790989312999,-94.7705838126999 29.7719173406))","Trinity Bay"
"Menidia beryllina","eats","Polychaeta",29.767257,-94.78913,,"Dixon, 1974",-13194000000,1652112,1652116,,,"Literature","Literature",,,,,,,,,,0.4,"POLYGON((-94.7995425799 29.7552287152,-94.8072562583 29.7623739414,-94.7800745011 29.7790989312999,-94.7705838126999 29.7719173406))","Trinity Bay"
"Menidia beryllina","eats","Insecta",29.767257,-94.78913,,"Dixon, 1974",-13194000000,1652112,1652114,,,"Literature","Literature",,,,,,,,,,0.15,"POLYGON((-94.7995425799 29.7552287152,-94.8072562583 29.7623739414,-94.7800745011 29.7790989312999,-94.7705838126999 29.7719173406))","Trinity Bay"
"Menidia beryllina","eats","Actinopterygii",29.696252,-94.945383,,"Dixon, 1974",-13194000000,1652138,1652142,,,"Literature","Literature",,,,,1,,,,,0.6,"POLYGON((-94.9392419968 29.6946376179,-94.9485457204 29.6914047902999,-94.9515233897 29.6973126345,-94.942649711 29.7014686300999))","Tabbs Bay"
"Menidia beryllina","eats","Polychaeta",29.696252,-94.945383,,"Dixon, 1974",-13194000000,1652138,1652140,,,"Literature","Literature",,,,,,,,,,0.2,"POLYGON((-94.9392419968 29.6946376179,-94.9485457204 29.6914047902999,-94.9515233897 29.6973126345,-94.942649711 29.7014686300999))","Tabbs Bay"
"Menidia beryllina","eats","Actinopterygii",29.741246,-94.827046,,"Dixon, 1974",-13194000000,1652132,1652136,,,"Literature","Literature",,,,,1,,,,,0.6,"POLYGON((-94.8055415573 29.7563529421,-94.8373662229 29.7215064705,-94.8465887643999 29.7321732143999,-94.8173632170999 29.7574550349,-94.8093280803 29.759590285))","Trinity Bay"
"Menidia beryllina","eats","Polychaeta",29.741246,-94.827046,,"Dixon, 1974",-13194000000,1652132,1652134,,,"Literature","Literature",,,,,,,,,,0.2,"POLYGON((-94.8055415573 29.7563529421,-94.8373662229 29.7215064705,-94.8465887643999 29.7321732143999,-94.8173632170999 29.7574550349,-94.8093280803 29.759590285))","Trinity Bay"
"Menidia beryllina","eats","Actinopterygii",29.767257,-94.78913,,"Dixon, 1974",-13194000000,1652144,1652148,,,"Literature","Literature",,,,,1,,,,,0.6,"POLYGON((-94.7995425799 29.7552287152,-94.8072562583 29.7623739414,-94.7800745011 29.7790989312999,-94.7705838126999 29.7719173406))","Trinity Bay"
"Menidia beryllina","eats","Polychaeta",29.767257,-94.78913,,"Dixon, 1974",-13194000000,1652144,1652146,,,"Literature","Literature",,,,,,,,,,0.2,"POLYGON((-94.7995425799 29.7552287152,-94.8072562583 29.7623739414,-94.7800745011 29.7790989312999,-94.7705838126999 29.7719173406))","Trinity Bay"
"Menidia beryllina","eats","Arachnida",29.741246,-94.827046,,"Dixon, 1974",-13194000000,1652156,1652178,,,"Literature","Literature",,,,,,,,,,,"POLYGON((-94.8055415573 29.7563529421,-94.8373662229 29.7215064705,-94.8465887643999 29.7321732143999,-94.8173632170999 29.7574550349,-94.8093280803 29.759590285))","Trinity Bay"
"Menidia beryllina","eats","Amphipoda",29.741246,-94.827046,,"Dixon, 1974",-13194000000,1652156,1652176,,,"Literature","Literature",,,,,,,,,,,"POLYGON((-94.8055415573 29.7563529421,-94.8373662229 29.7215064705,-94.8465887643999 29.7321732143999,-94.8173632170999 29.7574550349,-94.8093280803 29.759590285))","Trinity Bay"
"Menidia beryllina","eats","Cyclopoida",29.741246,-94.827046,,"Dixon, 1974",-13194000000,1652156,1652174,,,"Literature","Literature",,,,,,,,,,0.15,"POLYGON((-94.8055415573 29.7563529421,-94.8373662229 29.7215064705,-94.8465887643999 29.7321732143999,-94.8173632170999 29.7574550349,-94.8093280803 29.759590285))","Trinity Bay"
"Menidia beryllina","eats","Harpacticoida",29.741246,-94.827046,,"Dixon, 1974",-13194000000,1652156,1652172,,,"Literature","Literature",,,,,,,,,,0.05,"POLYGON((-94.8055415573 29.7563529421,-94.8373662229 29.7215064705,-94.8465887643999 29.7321732143999,-94.8173632170999 29.7574550349,-94.8093280803 29.759590285))","Trinity Bay"
"Menidia beryllina","eats","Insecta",29.741246,-94.827046,,"Dixon, 1974",-13194000000,1652156,1652170,,"larval stage","Literature","Literature",,,,,,,,,,0.58,"POLYGON((-94.8055415573 29.7563529421,-94.8373662229 29.7215064705,-94.8465887643999 29.7321732143999,-94.8173632170999 29.7574550349,-94.8093280803 29.759590285))","Trinity Bay"
"Menidia beryllina","eats","Plantae",29.741246,-94.827046,,"Dixon, 1974",-13194000000,1652156,1652168,,,"Literature","Literature",,,,,,,,,,0.07,"POLYGON((-94.8055415573 29.7563529421,-94.8373662229 29.7215064705,-94.8465887643999 29.7321732143999,-94.8173632170999 29.7574550349,-94.8093280803 29.759590285))","Trinity Bay"
"Menidia beryllina","eats","Animalia",29.741246,-94.827046,,"Dixon, 1974",-13194000000,1652156,1652166,,"egg","Literature","Literature",,,,,,,,,,0.4,"POLYGON((-94.8055415573 29.7563529421,-94.8373662229 29.7215064705,-94.8465887643999 29.7321732143999,-94.8173632170999 29.7574550349,-94.8093280803 29.759590285))","Trinity Bay"
"Menidia beryllina","eats","Acartia tonsa",29.741246,-94.827046,,"Dixon, 1974",-13194000000,1652156,1652164,,,"Literature","Literature",,,,,,,,,,0.18,"POLYGON((-94.8055415573 29.7563529421,-94.8373662229 29.7215064705,-94.8465887643999 29.7321732143999,-94.8173632170999 29.7574550349,-94.8093280803 29.759590285))","Trinity Bay"
"Menidia beryllina","eats","Cirripedia",29.741246,-94.827046,,"Dixon, 1974",-13194000000,1652156,1652162,,"nauplius stage","Literature","Literature",,,,,,,,,,0.35,"POLYGON((-94.8055415573 29.7563529421,-94.8373662229 29.7215064705,-94.8465887643999 29.7321732143999,-94.8173632170999 29.7574550349,-94.8093280803 29.759590285))","Trinity Bay"
"Menidia beryllina","eats","Polychaeta",29.741246,-94.827046,,"Dixon, 1974",-13194000000,1652156,1652160,,,"Literature","Literature",,,,,,,,,,0.32,"POLYGON((-94.8055415573 29.7563529421,-94.8373662229 29.7215064705,-94.8465887643999 29.7321732143999,-94.8173632170999 29.7574550349,-94.8093280803 29.759590285))","Trinity Bay"
"Menidia beryllina","eats","Insecta",29.741246,-94.827046,,"Dixon, 1974",-13194000000,1652156,1652158,,,"Literature","Literature",,,,,,,,,,0.6,"POLYGON((-94.8055415573 29.7563529421,-94.8373662229 29.7215064705,-94.8465887643999 29.7321732143999,-94.8173632170999 29.7574550349,-94.8093280803 29.759590285))","Trinity Bay"
"Menidia beryllina","eats","Arachnida",29.696252,-94.945383,,"Dixon, 1974",-13194000000,1652180,1652202,,,"Literature","Literature",,,,,,,,,,,"POLYGON((-94.9392419968 29.6946376179,-94.9485457204 29.6914047902999,-94.9515233897 29.6973126345,-94.942649711 29.7014686300999))","Tabbs Bay"
"Menidia beryllina","eats","Amphipoda",29.696252,-94.945383,,"Dixon, 1974",-13194000000,1652180,1652200,,,"Literature","Literature",,,,,,,,,,,"POLYGON((-94.9392419968 29.6946376179,-94.9485457204 29.6914047902999,-94.9515233897 29.6973126345,-94.942649711 29.7014686300999))","Tabbs Bay"
"Menidia beryllina","eats","Cyclopoida",29.696252,-94.945383,,"Dixon, 1974",-13194000000,1652180,1652198,,,"Literature","Literature",,,,,,,,,,0.15,"POLYGON((-94.9392419968 29.6946376179,-94.9485457204 29.6914047902999,-94.9515233897 29.6973126345,-94.942649711 29.7014686300999))","Tabbs Bay"
"Menidia beryllina","eats","Harpacticoida",29.696252,-94.945383,,"Dixon, 1974",-13194000000,1652180,1652196,,,"Literature","Literature",,,,,,,,,,0.05,"POLYGON((-94.9392419968 29.6946376179,-94.9485457204 29.6914047902999,-94.9515233897 29.6973126345,-94.942649711 29.7014686300999))","Tabbs Bay"
"Menidia beryllina","eats","Insecta",29.696252,-94.945383,,"Dixon, 1974",-13194000000,1652180,1652194,,"larval stage","Literature","Literature",,,,,,,,,,0.58,"POLYGON((-94.9392419968 29.6946376179,-94.9485457204 29.6914047902999,-94.9515233897 29.6973126345,-94.942649711 29.7014686300999))","Tabbs Bay"
"Menidia beryllina","eats","Plantae",29.696252,-94.945383,,"Dixon, 1974",-13194000000,1652180,1652192,,,"Literature","Literature",,,,,,,,,,0.07,"POLYGON((-94.9392419968 29.6946376179,-94.9485457204 29.6914047902999,-94.9515233897 29.6973126345,-94.942649711 29.7014686300999))","Tabbs Bay"
"Menidia beryllina","eats","Animalia",29.696252,-94.945383,,"Dixon, 1974",-13194000000,1652180,1652190,,"egg","Literature","Literature",,,,,,,,,,0.4,"POLYGON((-94.9392419968 29.6946376179,-94.9485457204 29.6914047902999,-94.9515233897 29.6973126345,-94.942649711 29.7014686300999))","Tabbs Bay"
"Menidia beryllina","eats","Acartia tonsa",29.696252,-94.945383,,"Dixon, 1974",-13194000000,1652180,1652188,,,"Literature","Literature",,,,,,,,,,0.18,"POLYGON((-94.9392419968 29.6946376179,-94.9485457204 29.6914047902999,-94.9515233897 29.6973126345,-94.942649711 29.7014686300999))","Tabbs Bay"
"Menidia beryllina","eats","Cirripedia",29.696252,-94.945383,,"Dixon, 1974",-13194000000,1652180,1652186,,"nauplius stage","Literature","Literature",,,,,,,,,,0.35,"POLYGON((-94.9392419968 29.6946376179,-94.9485457204 29.6914047902999,-94.9515233897 29.6973126345,-94.942649711 29.7014686300999))","Tabbs Bay"
"Menidia beryllina","eats","Polychaeta",29.696252,-94.945383,,"Dixon, 1974",-13194000000,1652180,1652184,,,"Literature","Literature",,,,,,,,,,0.32,"POLYGON((-94.9392419968 29.6946376179,-94.9485457204 29.6914047902999,-94.9515233897 29.6973126345,-94.942649711 29.7014686300999))","Tabbs Bay"
"Menidia beryllina","eats","Insecta",29.696252,-94.945383,,"Dixon, 1974",-13194000000,1652180,1652182,,,"Literature","Literature",,,,,,,,,,0.6,"POLYGON((-94.9392419968 29.6946376179,-94.9485457204 29.6914047902999,-94.9515233897 29.6973126345,-94.942649711 29.7014686300999))","Tabbs Bay"
"Menidia beryllina","eats","Arachnida",29.767257,-94.78913,,"Dixon, 1974",-13194000000,1652204,1652226,,,"Literature","Literature",,,,,,,,,,,"POLYGON((-94.7995425799 29.7552287152,-94.8072562583 29.7623739414,-94.7800745011 29.7790989312999,-94.7705838126999 29.7719173406))","Trinity Bay"
"Menidia beryllina","eats","Amphipoda",29.767257,-94.78913,,"Dixon, 1974",-13194000000,1652204,1652224,,,"Literature","Literature",,,,,,,,,,,"POLYGON((-94.7995425799 29.7552287152,-94.8072562583 29.7623739414,-94.7800745011 29.7790989312999,-94.7705838126999 29.7719173406))","Trinity Bay"
"Menidia beryllina","eats","Cyclopoida",29.767257,-94.78913,,"Dixon, 1974",-13194000000,1652204,1652222,,,"Literature","Literature",,,,,,,,,,0.15,"POLYGON((-94.7995425799 29.7552287152,-94.8072562583 29.7623739414,-94.7800745011 29.7790989312999,-94.7705838126999 29.7719173406))","Trinity Bay"
"Menidia beryllina","eats","Harpacticoida",29.767257,-94.78913,,"Dixon, 1974",-13194000000,1652204,1652220,,,"Literature","Literature",,,,,,,,,,0.05,"POLYGON((-94.7995425799 29.7552287152,-94.8072562583 29.7623739414,-94.7800745011 29.7790989312999,-94.7705838126999 29.7719173406))","Trinity Bay"
"Menidia beryllina","eats","Insecta",29.767257,-94.78913,,"Dixon, 1974",-13194000000,1652204,1652218,,"larval stage","Literature","Literature",,,,,,,,,,0.58,"POLYGON((-94.7995425799 29.7552287152,-94.8072562583 29.7623739414,-94.7800745011 29.7790989312999,-94.7705838126999 29.7719173406))","Trinity Bay"
"Menidia beryllina","eats","Plantae",29.767257,-94.78913,,"Dixon, 1974",-13194000000,1652204,1652216,,,"Literature","Literature",,,,,,,,,,0.07,"POLYGON((-94.7995425799 29.7552287152,-94.8072562583 29.7623739414,-94.7800745011 29.7790989312999,-94.7705838126999 29.7719173406))","Trinity Bay"
"Menidia beryllina","eats","Animalia",29.767257,-94.78913,,"Dixon, 1974",-13194000000,1652204,1652214,,"egg","Literature","Literature",,,,,,,,,,0.4,"POLYGON((-94.7995425799 29.7552287152,-94.8072562583 29.7623739414,-94.7800745011 29.7790989312999,-94.7705838126999 29.7719173406))","Trinity Bay"
"Menidia beryllina","eats","Acartia tonsa",29.767257,-94.78913,,"Dixon, 1974",-13194000000,1652204,1652212,,,"Literature","Literature",,,,,,,,,,0.18,"POLYGON((-94.7995425799 29.7552287152,-94.8072562583 29.7623739414,-94.7800745011 29.7790989312999,-94.7705838126999 29.7719173406))","Trinity Bay"
"Menidia beryllina","eats","Cirripedia",29.767257,-94.78913,,"Dixon, 1974",-13194000000,1652204,1652210,,"nauplius stage","Literature","Literature",,,,,,,,,,0.35,"POLYGON((-94.7995425799 29.7552287152,-94.8072562583 29.7623739414,-94.7800745011 29.7790989312999,-94.7705838126999 29.7719173406))","Trinity Bay"
"Menidia beryllina","eats","Polychaeta",29.767257,-94.78913,,"Dixon, 1974",-13194000000,1652204,1652208,,,"Literature","Literature",,,,,,,,,,0.32,"POLYGON((-94.7995425799 29.7552287152,-94.8072562583 29.7623739414,-94.7800745011 29.7790989312999,-94.7705838126999 29.7719173406))","Trinity Bay"
"Menidia beryllina","eats","Insecta",29.767257,-94.78913,,"Dixon, 1974",-13194000000,1652204,1652206,,,"Literature","Literature",,,,,,,,,,0.6,"POLYGON((-94.7995425799 29.7552287152,-94.8072562583 29.7623739414,-94.7800745011 29.7790989312999,-94.7705838126999 29.7719173406))","Trinity Bay"
"Menidia beryllina","eats","Cyclopoida",29.767257,-94.78913,,"Dixon, 1974",-13194000000,1651776,1651788,,,"Literature","Literature",,,,,8,,,,,0.52,"POLYGON((-94.7995425799 29.7552287152,-94.8072562583 29.7623739414,-94.7800745011 29.7790989312999,-94.7705838126999 29.7719173406))","Trinity Bay"
"Menidia beryllina","eats","Harpacticoida",29.767257,-94.78913,,"Dixon, 1974",-13194000000,1651776,1651786,,,"Literature","Literature",,,,,1,,,,,0.75,"POLYGON((-94.7995425799 29.7552287152,-94.8072562583 29.7623739414,-94.7800745011 29.7790989312999,-94.7705838126999 29.7719173406))","Trinity Bay"
"Menidia beryllina","eats","Insecta",29.767257,-94.78913,,"Dixon, 1974",-13194000000,1651776,1651784,,"larval stage","Literature","Literature",,,,,,,,,,0.25,"POLYGON((-94.7995425799 29.7552287152,-94.8072562583 29.7623739414,-94.7800745011 29.7790989312999,-94.7705838126999 29.7719173406))","Trinity Bay"
"Menidia beryllina","eats","Acartia tonsa",29.767257,-94.78913,,"Dixon, 1974",-13194000000,1651776,1651782,,,"Literature","Literature",,,,,40,,,,,0.25,"POLYGON((-94.7995425799 29.7552287152,-94.8072562583 29.7623739414,-94.7800745011 29.7790989312999,-94.7705838126999 29.7719173406))","Trinity Bay"
"Menidia beryllina","eats","Cirripedia",29.767257,-94.78913,,"Dixon, 1974",-13194000000,1651776,1651780,,"nauplius stage","Literature","Literature",,,,,305,,,,,1.0,"POLYGON((-94.7995425799 29.7552287152,-94.8072562583 29.7623739414,-94.7800745011 29.7790989312999,-94.7705838126999 29.7719173406))","Trinity Bay"
"Menidia beryllina","eats","Insecta",29.767257,-94.78913,,"Dixon, 1974",-13194000000,1651776,1651778,,,"Literature","Literature",,,,,,,,,,0.25,"POLYGON((-94.7995425799 29.7552287152,-94.8072562583 29.7623739414,-94.7800745011 29.7790989312999,-94.7705838126999 29.7719173406))","Trinity Bay"
"Menidia beryllina","eats","Arachnida",29.741246,-94.827046,,"Dixon, 1974",-13194000000,1651790,1651812,,,"Literature","Literature",,,,,,,,,,0.1,"POLYGON((-94.8055415573 29.7563529421,-94.8373662229 29.7215064705,-94.8465887643999 29.7321732143999,-94.8173632170999 29.7574550349,-94.8093280803 29.759590285))","Trinity Bay"
"Menidia beryllina","eats","Amphipoda",29.741246,-94.827046,,"Dixon, 1974",-13194000000,1651790,1651810,,,"Literature","Literature",,,,,,,,,,0.12,"POLYGON((-94.8055415573 29.7563529421,-94.8373662229 29.7215064705,-94.8465887643999 29.7321732143999,-94.8173632170999 29.7574550349,-94.8093280803 29.759590285))","Trinity Bay"
"Menidia beryllina","eats","Cyclopoida",29.741246,-94.827046,,"Dixon, 1974",-13194000000,1651790,1651808,,,"Literature","Literature",,,,,,,,,,0.04,"POLYGON((-94.8055415573 29.7563529421,-94.8373662229 29.7215064705,-94.8465887643999 29.7321732143999,-94.8173632170999 29.7574550349,-94.8093280803 29.759590285))","Trinity Bay"
"Menidia beryllina","eats","Harpacticoida",29.741246,-94.827046,,"Dixon, 1974",-13194000000,1651790,1651806,,,"Literature","Literature",,,,,3,,,,,0.3,"POLYGON((-94.8055415573 29.7563529421,-94.8373662229 29.7215064705,-94.8465887643999 29.7321732143999,-94.8173632170999 29.7574550349,-94.8093280803 29.759590285))","Trinity Bay"
"Menidia beryllina","eats","Insecta",29.741246,-94.827046,,"Dixon, 1974",-13194000000,1651790,1651804,,"larval stage","Literature","Literature",,,,,,,,,,0.1,"POLYGON((-94.8055415573 29.7563529421,-94.8373662229 29.7215064705,-94.8465887643999 29.7321732143999,-94.8173632170999 29.7574550349,-94.8093280803 29.759590285))","Trinity Bay"
"Menidia beryllina","eats","Plantae",29.741246,-94.827046,,"Dixon, 1974",-13194000000,1651790,1651802,,,"Literature","Literature",,,,,,,,,,0.13,"POLYGON((-94.8055415573 29.7563529421,-94.8373662229 29.7215064705,-94.8465887643999 29.7321732143999,-94.8173632170999 29.7574550349,-94.8093280803 29.759590285))","Trinity Bay"
"Menidia beryllina","eats","Animalia",29.741246,-94.827046,,"Dixon, 1974",-13194000000,1651790,1651800,,"egg","Literature","Literature",,,,,415,,,,,0.12,"POLYGON((-94.8055415573 29.7563529421,-94.8373662229 29.7215064705,-94.8465887643999 29.7321732143999,-94.8173632170999 29.7574550349,-94.8093280803 29.759590285))","Trinity Bay"
"Menidia beryllina","eats","Acartia tonsa",29.741246,-94.827046,,"Dixon, 1974",-13194000000,1651790,1651798,,,"Literature","Literature",,,,,36,,,,,0.33,"POLYGON((-94.8055415573 29.7563529421,-94.8373662229 29.7215064705,-94.8465887643999 29.7321732143999,-94.8173632170999 29.7574550349,-94.8093280803 29.759590285))","Trinity Bay"
"Menidia beryllina","eats","Cirripedia",29.741246,-94.827046,,"Dixon, 1974",-13194000000,1651790,1651796,,"nauplius stage","Literature","Literature",,,,,43,,,,,0.25,"POLYGON((-94.8055415573 29.7563529421,-94.8373662229 29.7215064705,-94.8465887643999 29.7321732143999,-94.8173632170999 29.7574550349,-94.8093280803 29.759590285))","Trinity Bay"
"Menidia beryllina","eats","Polychaeta",29.741246,-94.827046,,"Dixon, 1974",-13194000000,1651790,1651794,,,"Literature","Literature",,,,,,,,,,0.3,"POLYGON((-94.8055415573 29.7563529421,-94.8373662229 29.7215064705,-94.8465887643999 29.7321732143999,-94.8173632170999 29.7574550349,-94.8093280803 29.759590285))","Trinity Bay"
"Menidia beryllina","eats","Insecta",29.741246,-94.827046,,"Dixon, 1974",-13194000000,1651790,1651792,,,"Literature","Literature",,,,,3,,,,,0.41,"POLYGON((-94.8055415573 29.7563529421,-94.8373662229 29.7215064705,-94.8465887643999 29.7321732143999,-94.8173632170999 29.7574550349,-94.8093280803 29.759590285))","Trinity Bay"
"Menidia beryllina","eats","Cyclopoida",29.741246,-94.827046,,"Dixon, 1974",-13194000000,1651746,1651758,,,"Literature","Literature",,,,,8,,,,,0.52,"POLYGON((-94.8055415573 29.7563529421,-94.8373662229 29.7215064705,-94.8465887643999 29.7321732143999,-94.8173632170999 29.7574550349,-94.8093280803 29.759590285))","Trinity Bay"
"Menidia beryllina","eats","Harpacticoida",29.741246,-94.827046,,"Dixon, 1974",-13194000000,1651746,1651756,,,"Literature","Literature",,,,,1,,,,,0.75,"POLYGON((-94.8055415573 29.7563529421,-94.8373662229 29.7215064705,-94.8465887643999 29.7321732143999,-94.8173632170999 29.7574550349,-94.8093280803 29.759590285))","Trinity Bay"
"Menidia beryllina","eats","Insecta",29.741246,-94.827046,,"Dixon, 1974",-13194000000,1651746,1651754,,"larval stage","Literature","Literature",,,,,,,,,,0.25,"POLYGON((-94.8055415573 29.7563529421,-94.8373662229 29.7215064705,-94.8465887643999 29.7321732143999,-94.8173632170999 29.7574550349,-94.8093280803 29.759590285))","Trinity Bay"
"Menidia beryllina","eats","Acartia tonsa",29.741246,-94.827046,,"Dixon, 1974",-13194000000,1651746,1651752,,,"Literature","Literature",,,,,40,,,,,0.25,"POLYGON((-94.8055415573 29.7563529421,-94.8373662229 29.7215064705,-94.8465887643999 29.7321732143999,-94.8173632170999 29.7574550349,-94.8093280803 29.759590285))","Trinity Bay"
"Menidia beryllina","eats","Cirripedia",29.741246,-94.827046,,"Dixon, 1974",-13194000000,1651746,1651750,,"nauplius stage","Literature","Literature",,,,,305,,,,,1.0,"POLYGON((-94.8055415573 29.7563529421,-94.8373662229 29.7215064705,-94.8465887643999 29.7321732143999,-94.8173632170999 29.7574550349,-94.8093280803 29.759590285))","Trinity Bay"
"Menidia beryllina","eats","Insecta",29.741246,-94.827046,,"Dixon, 1974",-13194000000,1651746,1651748,,,"Literature","Literature",,,,,,,,,,0.25,"POLYGON((-94.8055415573 29.7563529421,-94.8373662229 29.7215064705,-94.8465887643999 29.7321732143999,-94.8173632170999 29.7574550349,-94.8093280803 29.759590285))","Trinity Bay"
"Menidia beryllina","eats","Cyclopoida",29.696252,-94.945383,,"Dixon, 1974",-13194000000,1651761,1651773,,,"Literature","Literature",,,,,8,,,,,0.52,"POLYGON((-94.9392419968 29.6946376179,-94.9485457204 29.6914047902999,-94.9515233897 29.6973126345,-94.942649711 29.7014686300999))","Tabbs Bay"
"Menidia beryllina","eats","Harpacticoida",29.696252,-94.945383,,"Dixon, 1974",-13194000000,1651761,1651771,,,"Literature","Literature",,,,,1,,,,,0.75,"POLYGON((-94.9392419968 29.6946376179,-94.9485457204 29.6914047902999,-94.9515233897 29.6973126345,-94.942649711 29.7014686300999))","Tabbs Bay"
"Menidia beryllina","eats","Insecta",29.696252,-94.945383,,"Dixon, 1974",-13194000000,1651761,1651769,,"larval stage","Literature","Literature",,,,,,,,,,0.25,"POLYGON((-94.9392419968 29.6946376179,-94.9485457204 29.6914047902999,-94.9515233897 29.6973126345,-94.942649711 29.7014686300999))","Tabbs Bay"
"Menidia beryllina","eats","Acartia tonsa",29.696252,-94.945383,,"Dixon, 1974",-13194000000,1651761,1651767,,,"Literature","Literature",,,,,40,,,,,0.25,"POLYGON((-94.9392419968 29.6946376179,-94.9485457204 29.6914047902999,-94.9515233897 29.6973126345,-94.942649711 29.7014686300999))","Tabbs Bay"
"Menidia beryllina","eats","Cirripedia",29.696252,-94.945383,,"Dixon, 1974",-13194000000,1651761,1651765,,"nauplius stage","Literature","Literature",,,,,305,,,,,1.0,"POLYGON((-94.9392419968 29.6946376179,-94.9485457204 29.6914047902999,-94.9515233897 29.6973126345,-94.942649711 29.7014686300999))","Tabbs Bay"
"Menidia beryllina","eats","Insecta",29.696252,-94.945383,,"Dixon, 1974",-13194000000,1651761,1651763,,,"Literature","Literature",,,,,,,,,,0.25,"POLYGON((-94.9392419968 29.6946376179,-94.9485457204 29.6914047902999,-94.9515233897 29.6973126345,-94.942649711 29.7014686300999))","Tabbs Bay"
"Menidia beryllina","eats","Arachnida",29.696252,-94.945383,,"Dixon, 1974",-13194000000,1651814,1651836,,,"Literature","Literature",,,,,,,,,,0.1,"POLYGON((-94.9392419968 29.6946376179,-94.9485457204 29.6914047902999,-94.9515233897 29.6973126345,-94.942649711 29.7014686300999))","Tabbs Bay"
"Menidia beryllina","eats","Amphipoda",29.696252,-94.945383,,"Dixon, 1974",-13194000000,1651814,1651834,,,"Literature","Literature",,,,,,,,,,0.12,"POLYGON((-94.9392419968 29.6946376179,-94.9485457204 29.6914047902999,-94.9515233897 29.6973126345,-94.942649711 29.7014686300999))","Tabbs Bay"
"Menidia beryllina","eats","Cyclopoida",29.696252,-94.945383,,"Dixon, 1974",-13194000000,1651814,1651832,,,"Literature","Literature",,,,,,,,,,0.04,"POLYGON((-94.9392419968 29.6946376179,-94.9485457204 29.6914047902999,-94.9515233897 29.6973126345,-94.942649711 29.7014686300999))","Tabbs Bay"
"Menidia beryllina","eats","Harpacticoida",29.696252,-94.945383,,"Dixon, 1974",-13194000000,1651814,1651830,,,"Literature","Literature",,,,,3,,,,,0.3,"POLYGON((-94.9392419968 29.6946376179,-94.9485457204 29.6914047902999,-94.9515233897 29.6973126345,-94.942649711 29.7014686300999))","Tabbs Bay"
"Menidia beryllina","eats","Insecta",29.696252,-94.945383,,"Dixon, 1974",-13194000000,1651814,1651828,,"larval stage","Literature","Literature",,,,,,,,,,0.1,"POLYGON((-94.9392419968 29.6946376179,-94.9485457204 29.6914047902999,-94.9515233897 29.6973126345,-94.942649711 29.7014686300999))","Tabbs Bay"
"Menidia beryllina","eats","Plantae",29.696252,-94.945383,,"Dixon, 1974",-13194000000,1651814,1651826,,,"Literature","Literature",,,,,,,,,,0.13,"POLYGON((-94.9392419968 29.6946376179,-94.9485457204 29.6914047902999,-94.9515233897 29.6973126345,-94.942649711 29.7014686300999))","Tabbs Bay"
"Menidia beryllina","eats","Animalia",29.696252,-94.945383,,"Dixon, 1974",-13194000000,1651814,1651824,,"egg","Literature","Literature",,,,,415,,,,,0.12,"POLYGON((-94.9392419968 29.6946376179,-94.9485457204 29.6914047902999,-94.9515233897 29.6973126345,-94.942649711 29.7014686300999))","Tabbs Bay"
"Menidia beryllina","eats","Acartia tonsa",29.696252,-94.945383,,"Dixon, 1974",-13194000000,1651814,1651822,,,"Literature","Literature",,,,,36,,,,,0.33,"POLYGON((-94.9392419968 29.6946376179,-94.9485457204 29.6914047902999,-94.9515233897 29.6973126345,-94.942649711 29.7014686300999))","Tabbs Bay"
"Menidia beryllina","eats","Cirripedia",29.696252,-94.945383,,"Dixon, 1974",-13194000000,1651814,1651820,,"nauplius stage","Literature","Literature",,,,,43,,,,,0.25,"POLYGON((-94.9392419968 29.6946376179,-94.9485457204 29.6914047902999,-94.9515233897 29.6973126345,-94.942649711 29.7014686300999))","Tabbs Bay"
"Menidia beryllina","eats","Polychaeta",29.696252,-94.945383,,"Dixon, 1974",-13194000000,1651814,1651818,,,"Literature","Literature",,,,,,,,,,0.3,"POLYGON((-94.9392419968 29.6946376179,-94.9485457204 29.6914047902999,-94.9515233897 29.6973126345,-94.942649711 29.7014686300999))","Tabbs Bay"
"Menidia beryllina","eats","Insecta",29.696252,-94.945383,,"Dixon, 1974",-13194000000,1651814,1651816,,,"Literature","Literature",,,,,3,,,,,0.41,"POLYGON((-94.9392419968 29.6946376179,-94.9485457204 29.6914047902999,-94.9515233897 29.6973126345,-94.942649711 29.7014686300999))","Tabbs Bay"
"Menidia beryllina","eats","Arachnida",29.741246,-94.827046,,"Dixon, 1974",-13194000000,1651862,1651884,,,"Literature","Literature",,,,,,,,,,0.05,"POLYGON((-94.8055415573 29.7563529421,-94.8373662229 29.7215064705,-94.8465887643999 29.7321732143999,-94.8173632170999 29.7574550349,-94.8093280803 29.759590285))","Trinity Bay"
"Menidia beryllina","eats","Amphipoda",29.741246,-94.827046,,"Dixon, 1974",-13194000000,1651862,1651882,,,"Literature","Literature",,,,,,,,,,0.14,"POLYGON((-94.8055415573 29.7563529421,-94.8373662229 29.7215064705,-94.8465887643999 29.7321732143999,-94.8173632170999 29.7574550349,-94.8093280803 29.759590285))","Trinity Bay"
"Menidia beryllina","eats","Cyclopoida",29.741246,-94.827046,,"Dixon, 1974",-13194000000,1651862,1651880,,,"Literature","Literature",,,,,4,,,,,0.08,"POLYGON((-94.8055415573 29.7563529421,-94.8373662229 29.7215064705,-94.8465887643999 29.7321732143999,-94.8173632170999 29.7574550349,-94.8093280803 29.759590285))","Trinity Bay"
"Menidia beryllina","eats","Harpacticoida",29.741246,-94.827046,,"Dixon, 1974",-13194000000,1651862,1651878,,,"Literature","Literature",,,,,11,,,,,0.3,"POLYGON((-94.8055415573 29.7563529421,-94.8373662229 29.7215064705,-94.8465887643999 29.7321732143999,-94.8173632170999 29.7574550349,-94.8093280803 29.759590285))","Trinity Bay"
"Menidia beryllina","eats","Insecta",29.741246,-94.827046,,"Dixon, 1974",-13194000000,1651862,1651876,,"larval stage","Literature","Literature",,,,,,,,,,0.19,"POLYGON((-94.8055415573 29.7563529421,-94.8373662229 29.7215064705,-94.8465887643999 29.7321732143999,-94.8173632170999 29.7574550349,-94.8093280803 29.759590285))","Trinity Bay"
"Menidia beryllina","eats","Plantae",29.741246,-94.827046,,"Dixon, 1974",-13194000000,1651862,1651874,,,"Literature","Literature",,,,,,,,,,0.15,"POLYGON((-94.8055415573 29.7563529421,-94.8373662229 29.7215064705,-94.8465887643999 29.7321732143999,-94.8173632170999 29.7574550349,-94.8093280803 29.759590285))","Trinity Bay"
"Menidia beryllina","eats","Animalia",29.741246,-94.827046,,"Dixon, 1974",-13194000000,1651862,1651872,,"egg","Literature","Literature",,,,,48,,,,,0.11,"POLYGON((-94.8055415573 29.7563529421,-94.8373662229 29.7215064705,-94.8465887643999 29.7321732143999,-94.8173632170999 29.7574550349,-94.8093280803 29.759590285))","Trinity Bay"
"Menidia beryllina","eats","Acartia tonsa",29.741246,-94.827046,,"Dixon, 1974",-13194000000,1651862,1651870,,,"Literature","Literature",,,,,40,,,,,0.26,"POLYGON((-94.8055415573 29.7563529421,-94.8373662229 29.7215064705,-94.8465887643999 29.7321732143999,-94.8173632170999 29.7574550349,-94.8093280803 29.759590285))","Trinity Bay"
"Menidia beryllina","eats","Cirripedia",29.741246,-94.827046,,"Dixon, 1974",-13194000000,1651862,1651868,,"nauplius stage","Literature","Literature",,,,,28,,,,,0.2,"POLYGON((-94.8055415573 29.7563529421,-94.8373662229 29.7215064705,-94.8465887643999 29.7321732143999,-94.8173632170999 29.7574550349,-94.8093280803 29.759590285))","Trinity Bay"
"Menidia beryllina","eats","Polychaeta",29.741246,-94.827046,,"Dixon, 1974",-13194000000,1651862,1651866,,,"Literature","Literature",,,,,,,,,,0.3,"POLYGON((-94.8055415573 29.7563529421,-94.8373662229 29.7215064705,-94.8465887643999 29.7321732143999,-94.8173632170999 29.7574550349,-94.8093280803 29.759590285))","Trinity Bay"
"Menidia beryllina","eats","Insecta",29.741246,-94.827046,,"Dixon, 1974",-13194000000,1651862,1651864,,,"Literature","Literature",,,,,2,,,,,0.38,"POLYGON((-94.8055415573 29.7563529421,-94.8373662229 29.7215064705,-94.8465887643999 29.7321732143999,-94.8173632170999 29.7574550349,-94.8093280803 29.759590285))","Trinity Bay"
"Menidia beryllina","eats","Arachnida",29.767257,-94.78913,,"Dixon, 1974",-13194000000,1651838,1651860,,,"Literature","Literature",,,,,,,,,,0.1,"POLYGON((-94.7995425799 29.7552287152,-94.8072562583 29.7623739414,-94.7800745011 29.7790989312999,-94.7705838126999 29.7719173406))","Trinity Bay"
"Menidia beryllina","eats","Amphipoda",29.767257,-94.78913,,"Dixon, 1974",-13194000000,1651838,1651858,,,"Literature","Literature",,,,,,,,,,0.12,"POLYGON((-94.7995425799 29.7552287152,-94.8072562583 29.7623739414,-94.7800745011 29.7790989312999,-94.7705838126999 29.7719173406))","Trinity Bay"
"Menidia beryllina","eats","Cyclopoida",29.767257,-94.78913,,"Dixon, 1974",-13194000000,1651838,1651856,,,"Literature","Literature",,,,,,,,,,0.04,"POLYGON((-94.7995425799 29.7552287152,-94.8072562583 29.7623739414,-94.7800745011 29.7790989312999,-94.7705838126999 29.7719173406))","Trinity Bay"
"Menidia beryllina","eats","Harpacticoida",29.767257,-94.78913,,"Dixon, 1974",-13194000000,1651838,1651854,,,"Literature","Literature",,,,,3,,,,,0.3,"POLYGON((-94.7995425799 29.7552287152,-94.8072562583 29.7623739414,-94.7800745011 29.7790989312999,-94.7705838126999 29.7719173406))","Trinity Bay"
"Menidia beryllina","eats","Insecta",29.767257,-94.78913,,"Dixon, 1974",-13194000000,1651838,1651852,,"larval stage","Literature","Literature",,,,,,,,,,0.1,"POLYGON((-94.7995425799 29.7552287152,-94.8072562583 29.7623739414,-94.7800745011 29.7790989312999,-94.7705838126999 29.7719173406))","Trinity Bay"
"Menidia beryllina","eats","Plantae",29.767257,-94.78913,,"Dixon, 1974",-13194000000,1651838,1651850,,,"Literature","Literature",,,,,,,,,,0.13,"POLYGON((-94.7995425799 29.7552287152,-94.8072562583 29.7623739414,-94.7800745011 29.7790989312999,-94.7705838126999 29.7719173406))","Trinity Bay"
"Menidia beryllina","eats","Animalia",29.767257,-94.78913,,"Dixon, 1974",-13194000000,1651838,1651848,,"egg","Literature","Literature",,,,,415,,,,,0.12,"POLYGON((-94.7995425799 29.7552287152,-94.8072562583 29.7623739414,-94.7800745011 29.7790989312999,-94.7705838126999 29.7719173406))","Trinity Bay"
"Menidia beryllina","eats","Acartia tonsa",29.767257,-94.78913,,"Dixon, 1974",-13194000000,1651838,1651846,,,"Literature","Literature",,,,,36,,,,,0.33,"POLYGON((-94.7995425799 29.7552287152,-94.8072562583 29.7623739414,-94.7800745011 29.7790989312999,-94.7705838126999 29.7719173406))","Trinity Bay"
"Menidia beryllina","eats","Cirripedia",29.767257,-94.78913,,"Dixon, 1974",-13194000000,1651838,1651844,,"nauplius stage","Literature","Literature",,,,,43,,,,,0.25,"POLYGON((-94.7995425799 29.7552287152,-94.8072562583 29.7623739414,-94.7800745011 29.7790989312999,-94.7705838126999 29.7719173406))","Trinity Bay"
"Menidia beryllina","eats","Polychaeta",29.767257,-94.78913,,"Dixon, 1974",-13194000000,1651838,1651842,,,"Literature","Literature",,,,,,,,,,0.3,"POLYGON((-94.7995425799 29.7552287152,-94.8072562583 29.7623739414,-94.7800745011 29.7790989312999,-94.7705838126999 29.7719173406))","Trinity Bay"
"Menidia beryllina","eats","Insecta",29.767257,-94.78913,,"Dixon, 1974",-13194000000,1651838,1651840,,,"Literature","Literature",,,,,3,,,,,0.41,"POLYGON((-94.7995425799 29.7552287152,-94.8072562583 29.7623739414,-94.7800745011 29.7790989312999,-94.7705838126999 29.7719173406))","Trinity Bay"
"Menidia beryllina","eats","Arachnida",29.696252,-94.945383,,"Dixon, 1974",-13194000000,1651886,1651908,,,"Literature","Literature",,,,,,,,,,0.05,"POLYGON((-94.9392419968 29.6946376179,-94.9485457204 29.6914047902999,-94.9515233897 29.6973126345,-94.942649711 29.7014686300999))","Tabbs Bay"
"Menidia beryllina","eats","Amphipoda",29.696252,-94.945383,,"Dixon, 1974",-13194000000,1651886,1651906,,,"Literature","Literature",,,,,,,,,,0.14,"POLYGON((-94.9392419968 29.6946376179,-94.9485457204 29.6914047902999,-94.9515233897 29.6973126345,-94.942649711 29.7014686300999))","Tabbs Bay"
"Menidia beryllina","eats","Cyclopoida",29.696252,-94.945383,,"Dixon, 1974",-13194000000,1651886,1651904,,,"Literature","Literature",,,,,4,,,,,0.08,"POLYGON((-94.9392419968 29.6946376179,-94.9485457204 29.6914047902999,-94.9515233897 29.6973126345,-94.942649711 29.7014686300999))","Tabbs Bay"
"Menidia beryllina","eats","Harpacticoida",29.696252,-94.945383,,"Dixon, 1974",-13194000000,1651886,1651902,,,"Literature","Literature",,,,,11,,,,,0.3,"POLYGON((-94.9392419968 29.6946376179,-94.9485457204 29.6914047902999,-94.9515233897 29.6973126345,-94.942649711 29.7014686300999))","Tabbs Bay"
"Menidia beryllina","eats","Insecta",29.696252,-94.945383,,"Dixon, 1974",-13194000000,1651886,1651900,,"larval stage","Literature","Literature",,,,,,,,,,0.19,"POLYGON((-94.9392419968 29.6946376179,-94.9485457204 29.6914047902999,-94.9515233897 29.6973126345,-94.942649711 29.7014686300999))","Tabbs Bay"
"Menidia beryllina","eats","Plantae",29.696252,-94.945383,,"Dixon, 1974",-13194000000,1651886,1651898,,,"Literature","Literature",,,,,,,,,,0.15,"POLYGON((-94.9392419968 29.6946376179,-94.9485457204 29.6914047902999,-94.9515233897 29.6973126345,-94.942649711 29.7014686300999))","Tabbs Bay"
"Menidia beryllina","eats","Animalia",29.696252,-94.945383,,"Dixon, 1974",-13194000000,1651886,1651896,,"egg","Literature","Literature",,,,,48,,,,,0.11,"POLYGON((-94.9392419968 29.6946376179,-94.9485457204 29.6914047902999,-94.9515233897 29.6973126345,-94.942649711 29.7014686300999))","Tabbs Bay"
"Menidia beryllina","eats","Acartia tonsa",29.696252,-94.945383,,"Dixon, 1974",-13194000000,1651886,1651894,,,"Literature","Literature",,,,,40,,,,,0.26,"POLYGON((-94.9392419968 29.6946376179,-94.9485457204 29.6914047902999,-94.9515233897 29.6973126345,-94.942649711 29.7014686300999))","Tabbs Bay"
"Menidia beryllina","eats","Cirripedia",29.696252,-94.945383,,"Dixon, 1974",-13194000000,1651886,1651892,,"nauplius stage","Literature","Literature",,,,,28,,,,,0.2,"POLYGON((-94.9392419968 29.6946376179,-94.9485457204 29.6914047902999,-94.9515233897 29.6973126345,-94.942649711 29.7014686300999))","Tabbs Bay"
"Menidia beryllina","eats","Polychaeta",29.696252,-94.945383,,"Dixon, 1974",-13194000000,1651886,1651890,,,"Literature","Literature",,,,,,,,,,0.3,"POLYGON((-94.9392419968 29.6946376179,-94.9485457204 29.6914047902999,-94.9515233897 29.6973126345,-94.942649711 29.7014686300999))","Tabbs Bay"
"Menidia beryllina","eats","Insecta",29.696252,-94.945383,,"Dixon, 1974",-13194000000,1651886,1651888,,,"Literature","Literature",,,,,2,,,,,0.38,"POLYGON((-94.9392419968 29.6946376179,-94.9485457204 29.6914047902999,-94.9515233897 29.6973126345,-94.942649711 29.7014686300999))","Tabbs Bay"
"Menidia beryllina","eats","Arachnida",29.767257,-94.78913,,"Dixon, 1974",-13194000000,1651910,1651932,,,"Literature","Literature",,,,,,,,,,0.05,"POLYGON((-94.7995425799 29.7552287152,-94.8072562583 29.7623739414,-94.7800745011 29.7790989312999,-94.7705838126999 29.7719173406))","Trinity Bay"
"Menidia beryllina","eats","Amphipoda",29.767257,-94.78913,,"Dixon, 1974",-13194000000,1651910,1651930,,,"Literature","Literature",,,,,,,,,,0.14,"POLYGON((-94.7995425799 29.7552287152,-94.8072562583 29.7623739414,-94.7800745011 29.7790989312999,-94.7705838126999 29.7719173406))","Trinity Bay"
"Menidia beryllina","eats","Cyclopoida",29.767257,-94.78913,,"Dixon, 1974",-13194000000,1651910,1651928,,,"Literature","Literature",,,,,4,,,,,0.08,"POLYGON((-94.7995425799 29.7552287152,-94.8072562583 29.7623739414,-94.7800745011 29.7790989312999,-94.7705838126999 29.7719173406))","Trinity Bay"
"Menidia beryllina","eats","Harpacticoida",29.767257,-94.78913,,"Dixon, 1974",-13194000000,1651910,1651926,,,"Literature","Literature",,,,,11,,,,,0.3,"POLYGON((-94.7995425799 29.7552287152,-94.8072562583 29.7623739414,-94.7800745011 29.7790989312999,-94.7705838126999 29.7719173406))","Trinity Bay"
"Menidia beryllina","eats","Insecta",29.767257,-94.78913,,"Dixon, 1974",-13194000000,1651910,1651924,,"larval stage","Literature","Literature",,,,,,,,,,0.19,"POLYGON((-94.7995425799 29.7552287152,-94.8072562583 29.7623739414,-94.7800745011 29.7790989312999,-94.7705838126999 29.7719173406))","Trinity Bay"
"Menidia beryllina","eats","Plantae",29.767257,-94.78913,,"Dixon, 1974",-13194000000,1651910,1651922,,,"Literature","Literature",,,,,,,,,,0.15,"POLYGON((-94.7995425799 29.7552287152,-94.8072562583 29.7623739414,-94.7800745011 29.7790989312999,-94.7705838126999 29.7719173406))","Trinity Bay"
"Menidia beryllina","eats","Animalia",29.767257,-94.78913,,"Dixon, 1974",-13194000000,1651910,1651920,,"egg","Literature","Literature",,,,,48,,,,,0.11,"POLYGON((-94.7995425799 29.7552287152,-94.8072562583 29.7623739414,-94.7800745011 29.7790989312999,-94.7705838126999 29.7719173406))","Trinity Bay"
"Menidia beryllina","eats","Acartia tonsa",29.767257,-94.78913,,"Dixon, 1974",-13194000000,1651910,1651918,,,"Literature","Literature",,,,,40,,,,,0.26,"POLYGON((-94.7995425799 29.7552287152,-94.8072562583 29.7623739414,-94.7800745011 29.7790989312999,-94.7705838126999 29.7719173406))","Trinity Bay"
"Menidia beryllina","eats","Cirripedia",29.767257,-94.78913,,"Dixon, 1974",-13194000000,1651910,1651916,,"nauplius stage","Literature","Literature",,,,,28,,,,,0.2,"POLYGON((-94.7995425799 29.7552287152,-94.8072562583 29.7623739414,-94.7800745011 29.7790989312999,-94.7705838126999 29.7719173406))","Trinity Bay"
"Menidia beryllina","eats","Polychaeta",29.767257,-94.78913,,"Dixon, 1974",-13194000000,1651910,1651914,,,"Literature","Literature",,,,,,,,,,0.3,"POLYGON((-94.7995425799 29.7552287152,-94.8072562583 29.7623739414,-94.7800745011 29.7790989312999,-94.7705838126999 29.7719173406))","Trinity Bay"
"Menidia beryllina","eats","Insecta",29.767257,-94.78913,,"Dixon, 1974",-13194000000,1651910,1651912,,,"Literature","Literature",,,,,2,,,,,0.38,"POLYGON((-94.7995425799 29.7552287152,-94.8072562583 29.7623739414,-94.7800745011 29.7790989312999,-94.7705838126999 29.7719173406))","Trinity Bay"
"Menidia beryllina","eats","Arachnida",29.696252,-94.945383,,"Dixon, 1974",-13194000000,1651958,1651980,,,"Literature","Literature",,,,,,,,,,0.05,"POLYGON((-94.9392419968 29.6946376179,-94.9485457204 29.6914047902999,-94.9515233897 29.6973126345,-94.942649711 29.7014686300999))","Tabbs Bay"
"Menidia beryllina","eats","Amphipoda",29.696252,-94.945383,,"Dixon, 1974",-13194000000,1651958,1651978,,,"Literature","Literature",,,,,1,,,,,0.15,"POLYGON((-94.9392419968 29.6946376179,-94.9485457204 29.6914047902999,-94.9515233897 29.6973126345,-94.942649711 29.7014686300999))","Tabbs Bay"
"Menidia beryllina","eats","Cyclopoida",29.696252,-94.945383,,"Dixon, 1974",-13194000000,1651958,1651976,,,"Literature","Literature",,,,,2,,,,,0.09,"POLYGON((-94.9392419968 29.6946376179,-94.9485457204 29.6914047902999,-94.9515233897 29.6973126345,-94.942649711 29.7014686300999))","Tabbs Bay"
"Menidia beryllina","eats","Harpacticoida",29.696252,-94.945383,,"Dixon, 1974",-13194000000,1651958,1651974,,,"Literature","Literature",,,,,5,,,,,0.11,"POLYGON((-94.9392419968 29.6946376179,-94.9485457204 29.6914047902999,-94.9515233897 29.6973126345,-94.942649711 29.7014686300999))","Tabbs Bay"
"Menidia beryllina","eats","Insecta",29.696252,-94.945383,,"Dixon, 1974",-13194000000,1651958,1651972,,"larval stage","Literature","Literature",,,,,,,,,,0.15,"POLYGON((-94.9392419968 29.6946376179,-94.9485457204 29.6914047902999,-94.9515233897 29.6973126345,-94.942649711 29.7014686300999))","Tabbs Bay"
"Menidia beryllina","eats","Plantae",29.696252,-94.945383,,"Dixon, 1974",-13194000000,1651958,1651970,,,"Literature","Literature",,,,,,,,,,0.1,"POLYGON((-94.9392419968 29.6946376179,-94.9485457204 29.6914047902999,-94.9515233897 29.6973126345,-94.942649711 29.7014686300999))","Tabbs Bay"
"Menidia beryllina","eats","Animalia",29.696252,-94.945383,,"Dixon, 1974",-13194000000,1651958,1651968,,"egg","Literature","Literature",,,,,120,,,,,0.05,"POLYGON((-94.9392419968 29.6946376179,-94.9485457204 29.6914047902999,-94.9515233897 29.6973126345,-94.942649711 29.7014686300999))","Tabbs Bay"
"Menidia beryllina","eats","Acartia tonsa",29.696252,-94.945383,,"Dixon, 1974",-13194000000,1651958,1651966,,,"Literature","Literature",,,,,72,,,,,0.26,"POLYGON((-94.9392419968 29.6946376179,-94.9485457204 29.6914047902999,-94.9515233897 29.6973126345,-94.942649711 29.7014686300999))","Tabbs Bay"
"Menidia beryllina","eats","Cirripedia",29.696252,-94.945383,,"Dixon, 1974",-13194000000,1651958,1651964,,"nauplius stage","Literature","Literature",,,,,11,,,,,0.05,"POLYGON((-94.9392419968 29.6946376179,-94.9485457204 29.6914047902999,-94.9515233897 29.6973126345,-94.942649711 29.7014686300999))","Tabbs Bay"
"Menidia beryllina","eats","Polychaeta",29.696252,-94.945383,,"Dixon, 1974",-13194000000,1651958,1651962,,,"Literature","Literature",,,,,,,,,,0.27,"POLYGON((-94.9392419968 29.6946376179,-94.9485457204 29.6914047902999,-94.9515233897 29.6973126345,-94.942649711 29.7014686300999))","Tabbs Bay"
"Menidia beryllina","eats","Insecta",29.696252,-94.945383,,"Dixon, 1974",-13194000000,1651958,1651960,,,"Literature","Literature",,,,,2,,,,,0.36,"POLYGON((-94.9392419968 29.6946376179,-94.9485457204 29.6914047902999,-94.9515233897 29.6973126345,-94.942649711 29.7014686300999))","Tabbs Bay"
"Menidia beryllina","eats","Arachnida",29.741246,-94.827046,,"Dixon, 1974",-13194000000,1651934,1651956,,,"Literature","Literature",,,,,,,,,,0.05,"POLYGON((-94.8055415573 29.7563529421,-94.8373662229 29.7215064705,-94.8465887643999 29.7321732143999,-94.8173632170999 29.7574550349,-94.8093280803 29.759590285))","Trinity Bay"
"Menidia beryllina","eats","Amphipoda",29.741246,-94.827046,,"Dixon, 1974",-13194000000,1651934,1651954,,,"Literature","Literature",,,,,1,,,,,0.15,"POLYGON((-94.8055415573 29.7563529421,-94.8373662229 29.7215064705,-94.8465887643999 29.7321732143999,-94.8173632170999 29.7574550349,-94.8093280803 29.759590285))","Trinity Bay"
"Menidia beryllina","eats","Cyclopoida",29.741246,-94.827046,,"Dixon, 1974",-13194000000,1651934,1651952,,,"Literature","Literature",,,,,2,,,,,0.09,"POLYGON((-94.8055415573 29.7563529421,-94.8373662229 29.7215064705,-94.8465887643999 29.7321732143999,-94.8173632170999 29.7574550349,-94.8093280803 29.759590285))","Trinity Bay"
"Menidia beryllina","eats","Harpacticoida",29.741246,-94.827046,,"Dixon, 1974",-13194000000,1651934,1651950,,,"Literature","Literature",,,,,5,,,,,0.11,"POLYGON((-94.8055415573 29.7563529421,-94.8373662229 29.7215064705,-94.8465887643999 29.7321732143999,-94.8173632170999 29.7574550349,-94.8093280803 29.759590285))","Trinity Bay"
"Menidia beryllina","eats","Insecta",29.741246,-94.827046,,"Dixon, 1974",-13194000000,1651934,1651948,,"larval stage","Literature","Literature",,,,,,,,,,0.15,"POLYGON((-94.8055415573 29.7563529421,-94.8373662229 29.7215064705,-94.8465887643999 29.7321732143999,-94.8173632170999 29.7574550349,-94.8093280803 29.759590285))","Trinity Bay"
"Menidia beryllina","eats","Plantae",29.741246,-94.827046,,"Dixon, 1974",-13194000000,1651934,1651946,,,"Literature","Literature",,,,,,,,,,0.1,"POLYGON((-94.8055415573 29.7563529421,-94.8373662229 29.7215064705,-94.8465887643999 29.7321732143999,-94.8173632170999 29.7574550349,-94.8093280803 29.759590285))","Trinity Bay"
"Menidia beryllina","eats","Animalia",29.741246,-94.827046,,"Dixon, 1974",-13194000000,1651934,1651944,,"egg","Literature","Literature",,,,,120,,,,,0.05,"POLYGON((-94.8055415573 29.7563529421,-94.8373662229 29.7215064705,-94.8465887643999 29.7321732143999,-94.8173632170999 29.7574550349,-94.8093280803 29.759590285))","Trinity Bay"
"Menidia beryllina","eats","Acartia tonsa",29.741246,-94.827046,,"Dixon, 1974",-13194000000,1651934,1651942,,,"Literature","Literature",,,,,72,,,,,0.26,"POLYGON((-94.8055415573 29.7563529421,-94.8373662229 29.7215064705,-94.8465887643999 29.7321732143999,-94.8173632170999 29.7574550349,-94.8093280803 29.759590285))","Trinity Bay"
"Menidia beryllina","eats","Cirripedia",29.741246,-94.827046,,"Dixon, 1974",-13194000000,1651934,1651940,,"nauplius stage","Literature","Literature",,,,,11,,,,,0.05,"POLYGON((-94.8055415573 29.7563529421,-94.8373662229 29.7215064705,-94.8465887643999 29.7321732143999,-94.8173632170999 29.7574550349,-94.8093280803 29.759590285))","Trinity Bay"
"Menidia beryllina","eats","Polychaeta",29.741246,-94.827046,,"Dixon, 1974",-13194000000,1651934,1651938,,,"Literature","Literature",,,,,,,,,,0.27,"POLYGON((-94.8055415573 29.7563529421,-94.8373662229 29.7215064705,-94.8465887643999 29.7321732143999,-94.8173632170999 29.7574550349,-94.8093280803 29.759590285))","Trinity Bay"
"Menidia beryllina","eats","Insecta",29.741246,-94.827046,,"Dixon, 1974",-13194000000,1651934,1651936,,,"Literature","Literature",,,,,2,,,,,0.36,"POLYGON((-94.8055415573 29.7563529421,-94.8373662229 29.7215064705,-94.8465887643999 29.7321732143999,-94.8173632170999 29.7574550349,-94.8093280803 29.759590285))","Trinity Bay"
"Menidia beryllina","eats","Arachnida",29.767257,-94.78913,,"Dixon, 1974",-13194000000,1653612,1653636,,,"Literature","Literature",,,,,,,,,,0.1,"POLYGON((-94.7995425799 29.7552287152,-94.8072562583 29.7623739414,-94.7800745011 29.7790989312999,-94.7705838126999 29.7719173406))","Trinity Bay"
"Menidia beryllina","eats","Amphipoda",29.767257,-94.78913,,"Dixon, 1974",-13194000000,1653612,1653634,,,"Literature","Literature",,,,,,,,,,0.02,"POLYGON((-94.7995425799 29.7552287152,-94.8072562583 29.7623739414,-94.7800745011 29.7790989312999,-94.7705838126999 29.7719173406))","Trinity Bay"
"Menidia beryllina","eats","Cyclopoida",29.767257,-94.78913,,"Dixon, 1974",-13194000000,1653612,1653632,,,"Literature","Literature",,,,,,,,,,,"POLYGON((-94.7995425799 29.7552287152,-94.8072562583 29.7623739414,-94.7800745011 29.7790989312999,-94.7705838126999 29.7719173406))","Trinity Bay"
"Menidia beryllina","eats","Harpacticoida",29.767257,-94.78913,,"Dixon, 1974",-13194000000,1653612,1653630,,,"Literature","Literature",,,,,,,,,,0.1,"POLYGON((-94.7995425799 29.7552287152,-94.8072562583 29.7623739414,-94.7800745011 29.7790989312999,-94.7705838126999 29.7719173406))","Trinity Bay"
"Menidia beryllina","eats","Insecta",29.767257,-94.78913,,"Dixon, 1974",-13194000000,1653612,1653628,,"larval stage","Literature","Literature",,,,,,,,,,,"POLYGON((-94.7995425799 29.7552287152,-94.8072562583 29.7623739414,-94.7800745011 29.7790989312999,-94.7705838126999 29.7719173406))","Trinity Bay"
"Menidia beryllina","eats","Actinopterygii",29.767257,-94.78913,,"Dixon, 1974",-13194000000,1653612,1653626,,,"Literature","Literature",,,,,,,,,,,"POLYGON((-94.7995425799 29.7552287152,-94.8072562583 29.7623739414,-94.7800745011 29.7790989312999,-94.7705838126999 29.7719173406))","Trinity Bay"
"Menidia beryllina","eats","Plantae",29.767257,-94.78913,,"Dixon, 1974",-13194000000,1653612,1653624,,,"Literature","Literature",,,,,,,,,,0.18,"POLYGON((-94.7995425799 29.7552287152,-94.8072562583 29.7623739414,-94.7800745011 29.7790989312999,-94.7705838126999 29.7719173406))","Trinity Bay"
"Menidia beryllina","eats","Animalia",29.767257,-94.78913,,"Dixon, 1974",-13194000000,1653612,1653622,,"egg","Literature","Literature",,,,,,,,,,,"POLYGON((-94.7995425799 29.7552287152,-94.8072562583 29.7623739414,-94.7800745011 29.7790989312999,-94.7705838126999 29.7719173406))","Trinity Bay"
"Menidia beryllina","eats","Acartia tonsa",29.767257,-94.78913,,"Dixon, 1974",-13194000000,1653612,1653620,,,"Literature","Literature",,,,,,,,,,,"POLYGON((-94.7995425799 29.7552287152,-94.8072562583 29.7623739414,-94.7800745011 29.7790989312999,-94.7705838126999 29.7719173406))","Trinity Bay"
"Menidia beryllina","eats","Cirripedia",29.767257,-94.78913,,"Dixon, 1974",-13194000000,1653612,1653618,,"nauplius stage","Literature","Literature",,,,,,,,,,0.37,"POLYGON((-94.7995425799 29.7552287152,-94.8072562583 29.7623739414,-94.7800745011 29.7790989312999,-94.7705838126999 29.7719173406))","Trinity Bay"
"Menidia beryllina","eats","Polychaeta",29.767257,-94.78913,,"Dixon, 1974",-13194000000,1653612,1653616,,,"Literature","Literature",,,,,,,,,,0.55,"POLYGON((-94.7995425799 29.7552287152,-94.8072562583 29.7623739414,-94.7800745011 29.7790989312999,-94.7705838126999 29.7719173406))","Trinity Bay"
"Menidia beryllina","eats","Insecta",29.767257,-94.78913,,"Dixon, 1974",-13194000000,1653612,1653614,,,"Literature","Literature",,,,,,,,,,0.24,"POLYGON((-94.7995425799 29.7552287152,-94.8072562583 29.7623739414,-94.7800745011 29.7790989312999,-94.7705838126999 29.7719173406))","Trinity Bay"
"Menidia beryllina","eats","Arachnida",29.696252,-94.945383,,"Dixon, 1974",-13194000000,1653586,1653610,,,"Literature","Literature",,,,,,,,,,0.1,"POLYGON((-94.9392419968 29.6946376179,-94.9485457204 29.6914047902999,-94.9515233897 29.6973126345,-94.942649711 29.7014686300999))","Tabbs Bay"
"Menidia beryllina","eats","Amphipoda",29.696252,-94.945383,,"Dixon, 1974",-13194000000,1653586,1653608,,,"Literature","Literature",,,,,,,,,,0.02,"POLYGON((-94.9392419968 29.6946376179,-94.9485457204 29.6914047902999,-94.9515233897 29.6973126345,-94.942649711 29.7014686300999))","Tabbs Bay"
"Menidia beryllina","eats","Cyclopoida",29.696252,-94.945383,,"Dixon, 1974",-13194000000,1653586,1653606,,,"Literature","Literature",,,,,,,,,,,"POLYGON((-94.9392419968 29.6946376179,-94.9485457204 29.6914047902999,-94.9515233897 29.6973126345,-94.942649711 29.7014686300999))","Tabbs Bay"
"Menidia beryllina","eats","Harpacticoida",29.696252,-94.945383,,"Dixon, 1974",-13194000000,1653586,1653604,,,"Literature","Literature",,,,,,,,,,0.1,"POLYGON((-94.9392419968 29.6946376179,-94.9485457204 29.6914047902999,-94.9515233897 29.6973126345,-94.942649711 29.7014686300999))","Tabbs Bay"
"Menidia beryllina","eats","Insecta",29.696252,-94.945383,,"Dixon, 1974",-13194000000,1653586,1653602,,"larval stage","Literature","Literature",,,,,,,,,,,"POLYGON((-94.9392419968 29.6946376179,-94.9485457204 29.6914047902999,-94.9515233897 29.6973126345,-94.942649711 29.7014686300999))","Tabbs Bay"
"Menidia beryllina","eats","Actinopterygii",29.696252,-94.945383,,"Dixon, 1974",-13194000000,1653586,1653600,,,"Literature","Literature",,,,,,,,,,,"POLYGON((-94.9392419968 29.6946376179,-94.9485457204 29.6914047902999,-94.9515233897 29.6973126345,-94.942649711 29.7014686300999))","Tabbs Bay"
"Menidia beryllina","eats","Plantae",29.696252,-94.945383,,"Dixon, 1974",-13194000000,1653586,1653598,,,"Literature","Literature",,,,,,,,,,0.18,"POLYGON((-94.9392419968 29.6946376179,-94.9485457204 29.6914047902999,-94.9515233897 29.6973126345,-94.942649711 29.7014686300999))","Tabbs Bay"
"Menidia beryllina","eats","Animalia",29.696252,-94.945383,,"Dixon, 1974",-13194000000,1653586,1653596,,"egg","Literature","Literature",,,,,,,,,,,"POLYGON((-94.9392419968 29.6946376179,-94.9485457204 29.6914047902999,-94.9515233897 29.6973126345,-94.942649711 29.7014686300999))","Tabbs Bay"
"Menidia beryllina","eats","Acartia tonsa",29.696252,-94.945383,,"Dixon, 1974",-13194000000,1653586,1653594,,,"Literature","Literature",,,,,,,,,,,"POLYGON((-94.9392419968 29.6946376179,-94.9485457204 29.6914047902999,-94.9515233897 29.6973126345,-94.942649711 29.7014686300999))","Tabbs Bay"
"Menidia beryllina","eats","Cirripedia",29.696252,-94.945383,,"Dixon, 1974",-13194000000,1653586,1653592,,"nauplius stage","Literature","Literature",,,,,,,,,,0.37,"POLYGON((-94.9392419968 29.6946376179,-94.9485457204 29.6914047902999,-94.9515233897 29.6973126345,-94.942649711 29.7014686300999))","Tabbs Bay"
"Menidia beryllina","eats","Polychaeta",29.696252,-94.945383,,"Dixon, 1974",-13194000000,1653586,1653590,,,"Literature","Literature",,,,,,,,,,0.55,"POLYGON((-94.9392419968 29.6946376179,-94.9485457204 29.6914047902999,-94.9515233897 29.6973126345,-94.942649711 29.7014686300999))","Tabbs Bay"
"Menidia beryllina","eats","Insecta",29.696252,-94.945383,,"Dixon, 1974",-13194000000,1653586,1653588,,,"Literature","Literature",,,,,,,,,,0.24,"POLYGON((-94.9392419968 29.6946376179,-94.9485457204 29.6914047902999,-94.9515233897 29.6973126345,-94.942649711 29.7014686300999))","Tabbs Bay"
"Menidia beryllina","eats","Arachnida",29.741246,-94.827046,,"Dixon, 1974",-13194000000,1653560,1653584,,,"Literature","Literature",,,,,,,,,,0.1,"POLYGON((-94.8055415573 29.7563529421,-94.8373662229 29.7215064705,-94.8465887643999 29.7321732143999,-94.8173632170999 29.7574550349,-94.8093280803 29.759590285))","Trinity Bay"
"Menidia beryllina","eats","Amphipoda",29.741246,-94.827046,,"Dixon, 1974",-13194000000,1653560,1653582,,,"Literature","Literature",,,,,,,,,,0.02,"POLYGON((-94.8055415573 29.7563529421,-94.8373662229 29.7215064705,-94.8465887643999 29.7321732143999,-94.8173632170999 29.7574550349,-94.8093280803 29.759590285))","Trinity Bay"
"Menidia beryllina","eats","Cyclopoida",29.741246,-94.827046,,"Dixon, 1974",-13194000000,1653560,1653580,,,"Literature","Literature",,,,,,,,,,,"POLYGON((-94.8055415573 29.7563529421,-94.8373662229 29.7215064705,-94.8465887643999 29.7321732143999,-94.8173632170999 29.7574550349,-94.8093280803 29.759590285))","Trinity Bay"
"Menidia beryllina","eats","Harpacticoida",29.741246,-94.827046,,"Dixon, 1974",-13194000000,1653560,1653578,,,"Literature","Literature",,,,,,,,,,0.1,"POLYGON((-94.8055415573 29.7563529421,-94.8373662229 29.7215064705,-94.8465887643999 29.7321732143999,-94.8173632170999 29.7574550349,-94.8093280803 29.759590285))","Trinity Bay"
"Menidia beryllina","eats","Insecta",29.741246,-94.827046,,"Dixon, 1974",-13194000000,1653560,1653576,,"larval stage","Literature","Literature",,,,,,,,,,,"POLYGON((-94.8055415573 29.7563529421,-94.8373662229 29.7215064705,-94.8465887643999 29.7321732143999,-94.8173632170999 29.7574550349,-94.8093280803 29.759590285))","Trinity Bay"
"Menidia beryllina","eats","Actinopterygii",29.741246,-94.827046,,"Dixon, 1974",-13194000000,1653560,1653574,,,"Literature","Literature",,,,,,,,,,,"POLYGON((-94.8055415573 29.7563529421,-94.8373662229 29.7215064705,-94.8465887643999 29.7321732143999,-94.8173632170999 29.7574550349,-94.8093280803 29.759590285))","Trinity Bay"
"Menidia beryllina","eats","Plantae",29.741246,-94.827046,,"Dixon, 1974",-13194000000,1653560,1653572,,,"Literature","Literature",,,,,,,,,,0.18,"POLYGON((-94.8055415573 29.7563529421,-94.8373662229 29.7215064705,-94.8465887643999 29.7321732143999,-94.8173632170999 29.7574550349,-94.8093280803 29.759590285))","Trinity Bay"
"Menidia beryllina","eats","Animalia",29.741246,-94.827046,,"Dixon, 1974",-13194000000,1653560,1653570,,"egg","Literature","Literature",,,,,,,,,,,"POLYGON((-94.8055415573 29.7563529421,-94.8373662229 29.7215064705,-94.8465887643999 29.7321732143999,-94.8173632170999 29.7574550349,-94.8093280803 29.759590285))","Trinity Bay"
"Menidia beryllina","eats","Acartia tonsa",29.741246,-94.827046,,"Dixon, 1974",-13194000000,1653560,1653568,,,"Literature","Literature",,,,,,,,,,,"POLYGON((-94.8055415573 29.7563529421,-94.8373662229 29.7215064705,-94.8465887643999 29.7321732143999,-94.8173632170999 29.7574550349,-94.8093280803 29.759590285))","Trinity Bay"
"Menidia beryllina","eats","Cirripedia",29.741246,-94.827046,,"Dixon, 1974",-13194000000,1653560,1653566,,"nauplius stage","Literature","Literature",,,,,,,,,,0.37,"POLYGON((-94.8055415573 29.7563529421,-94.8373662229 29.7215064705,-94.8465887643999 29.7321732143999,-94.8173632170999 29.7574550349,-94.8093280803 29.759590285))","Trinity Bay"
"Menidia beryllina","eats","Polychaeta",29.741246,-94.827046,,"Dixon, 1974",-13194000000,1653560,1653564,,,"Literature","Literature",,,,,,,,,,0.55,"POLYGON((-94.8055415573 29.7563529421,-94.8373662229 29.7215064705,-94.8465887643999 29.7321732143999,-94.8173632170999 29.7574550349,-94.8093280803 29.759590285))","Trinity Bay"
"Menidia beryllina","eats","Insecta",29.741246,-94.827046,,"Dixon, 1974",-13194000000,1653560,1653562,,,"Literature","Literature",,,,,,,,,,0.24,"POLYGON((-94.8055415573 29.7563529421,-94.8373662229 29.7215064705,-94.8465887643999 29.7321732143999,-94.8173632170999 29.7574550349,-94.8093280803 29.759590285))","Trinity Bay"
"Menidia beryllina","eats","Arachnida",29.696252,-94.945383,,"Dixon, 1974",-13194000000,1653502,1653526,,,"Literature","Literature",,,,,,,,,,0.04,"POLYGON((-94.9392419968 29.6946376179,-94.9485457204 29.6914047902999,-94.9515233897 29.6973126345,-94.942649711 29.7014686300999))","Tabbs Bay"
"Menidia beryllina","eats","Amphipoda",29.696252,-94.945383,,"Dixon, 1974",-13194000000,1653502,1653524,,,"Literature","Literature",,,,,,,,,,0.03,"POLYGON((-94.9392419968 29.6946376179,-94.9485457204 29.6914047902999,-94.9515233897 29.6973126345,-94.942649711 29.7014686300999))","Tabbs Bay"
"Menidia beryllina","eats","Cyclopoida",29.696252,-94.945383,,"Dixon, 1974",-13194000000,1653502,1653522,,,"Literature","Literature",,,,,,,,,,,"POLYGON((-94.9392419968 29.6946376179,-94.9485457204 29.6914047902999,-94.9515233897 29.6973126345,-94.942649711 29.7014686300999))","Tabbs Bay"
"Menidia beryllina","eats","Harpacticoida",29.696252,-94.945383,,"Dixon, 1974",-13194000000,1653502,1653520,,,"Literature","Literature",,,,,,,,,,0.2,"POLYGON((-94.9392419968 29.6946376179,-94.9485457204 29.6914047902999,-94.9515233897 29.6973126345,-94.942649711 29.7014686300999))","Tabbs Bay"
"Menidia beryllina","eats","Insecta",29.696252,-94.945383,,"Dixon, 1974",-13194000000,1653502,1653518,,"larval stage","Literature","Literature",,,,,,,,,,0.17,"POLYGON((-94.9392419968 29.6946376179,-94.9485457204 29.6914047902999,-94.9515233897 29.6973126345,-94.942649711 29.7014686300999))","Tabbs Bay"
"Menidia beryllina","eats","Actinopterygii",29.696252,-94.945383,,"Dixon, 1974",-13194000000,1653502,1653516,,,"Literature","Literature",,,,,,,,,,,"POLYGON((-94.9392419968 29.6946376179,-94.9485457204 29.6914047902999,-94.9515233897 29.6973126345,-94.942649711 29.7014686300999))","Tabbs Bay"
"Menidia beryllina","eats","Plantae",29.696252,-94.945383,,"Dixon, 1974",-13194000000,1653502,1653514,,,"Literature","Literature",,,,,,,,,,0.05,"POLYGON((-94.9392419968 29.6946376179,-94.9485457204 29.6914047902999,-94.9515233897 29.6973126345,-94.942649711 29.7014686300999))","Tabbs Bay"
"Menidia beryllina","eats","Animalia",29.696252,-94.945383,,"Dixon, 1974",-13194000000,1653502,1653512,,"egg","Literature","Literature",,,,,,,,,,,"POLYGON((-94.9392419968 29.6946376179,-94.9485457204 29.6914047902999,-94.9515233897 29.6973126345,-94.942649711 29.7014686300999))","Tabbs Bay"
"Menidia beryllina","eats","Acartia tonsa",29.696252,-94.945383,,"Dixon, 1974",-13194000000,1653502,1653510,,,"Literature","Literature",,,,,,,,,,0.37,"POLYGON((-94.9392419968 29.6946376179,-94.9485457204 29.6914047902999,-94.9515233897 29.6973126345,-94.942649711 29.7014686300999))","Tabbs Bay"
"Menidia beryllina","eats","Cirripedia",29.696252,-94.945383,,"Dixon, 1974",-13194000000,1653502,1653508,,"nauplius stage","Literature","Literature",,,,,,,,,,,"POLYGON((-94.9392419968 29.6946376179,-94.9485457204 29.6914047902999,-94.9515233897 29.6973126345,-94.942649711 29.7014686300999))","Tabbs Bay"
"Menidia beryllina","eats","Polychaeta",29.696252,-94.945383,,"Dixon, 1974",-13194000000,1653502,1653506,,,"Literature","Literature",,,,,,,,,,0.51,"POLYGON((-94.9392419968 29.6946376179,-94.9485457204 29.6914047902999,-94.9515233897 29.6973126345,-94.942649711 29.7014686300999))","Tabbs Bay"
"Menidia beryllina","eats","Insecta",29.696252,-94.945383,,"Dixon, 1974",-13194000000,1653502,1653504,,,"Literature","Literature",,,,,,,,,,0.38,"POLYGON((-94.9392419968 29.6946376179,-94.9485457204 29.6914047902999,-94.9515233897 29.6973126345,-94.942649711 29.7014686300999))","Tabbs Bay"
"Menidia beryllina","eats","Arachnida",29.767257,-94.78913,,"Dixon, 1974",-13194000000,1653528,1653552,,,"Literature","Literature",,,,,,,,,,0.04,"POLYGON((-94.7995425799 29.7552287152,-94.8072562583 29.7623739414,-94.7800745011 29.7790989312999,-94.7705838126999 29.7719173406))","Trinity Bay"
"Menidia beryllina","eats","Amphipoda",29.767257,-94.78913,,"Dixon, 1974",-13194000000,1653528,1653550,,,"Literature","Literature",,,,,,,,,,0.03,"POLYGON((-94.7995425799 29.7552287152,-94.8072562583 29.7623739414,-94.7800745011 29.7790989312999,-94.7705838126999 29.7719173406))","Trinity Bay"
"Menidia beryllina","eats","Cyclopoida",29.767257,-94.78913,,"Dixon, 1974",-13194000000,1653528,1653548,,,"Literature","Literature",,,,,,,,,,,"POLYGON((-94.7995425799 29.7552287152,-94.8072562583 29.7623739414,-94.7800745011 29.7790989312999,-94.7705838126999 29.7719173406))","Trinity Bay"
"Menidia beryllina","eats","Harpacticoida",29.767257,-94.78913,,"Dixon, 1974",-13194000000,1653528,1653546,,,"Literature","Literature",,,,,,,,,,0.2,"POLYGON((-94.7995425799 29.7552287152,-94.8072562583 29.7623739414,-94.7800745011 29.7790989312999,-94.7705838126999 29.7719173406))","Trinity Bay"
"Menidia beryllina","eats","Insecta",29.767257,-94.78913,,"Dixon, 1974",-13194000000,1653528,1653544,,"larval stage","Literature","Literature",,,,,,,,,,0.17,"POLYGON((-94.7995425799 29.7552287152,-94.8072562583 29.7623739414,-94.7800745011 29.7790989312999,-94.7705838126999 29.7719173406))","Trinity Bay"
"Menidia beryllina","eats","Actinopterygii",29.767257,-94.78913,,"Dixon, 1974",-13194000000,1653528,1653542,,,"Literature","Literature",,,,,,,,,,,"POLYGON((-94.7995425799 29.7552287152,-94.8072562583 29.7623739414,-94.7800745011 29.7790989312999,-94.7705838126999 29.7719173406))","Trinity Bay"
"Menidia beryllina","eats","Plantae",29.767257,-94.78913,,"Dixon, 1974",-13194000000,1653528,1653540,,,"Literature","Literature",,,,,,,,,,0.05,"POLYGON((-94.7995425799 29.7552287152,-94.8072562583 29.7623739414,-94.7800745011 29.7790989312999,-94.7705838126999 29.7719173406))","Trinity Bay"
"Menidia beryllina","eats","Animalia",29.767257,-94.78913,,"Dixon, 1974",-13194000000,1653528,1653538,,"egg","Literature","Literature",,,,,,,,,,,"POLYGON((-94.7995425799 29.7552287152,-94.8072562583 29.7623739414,-94.7800745011 29.7790989312999,-94.7705838126999 29.7719173406))","Trinity Bay"
"Menidia beryllina","eats","Acartia tonsa",29.767257,-94.78913,,"Dixon, 1974",-13194000000,1653528,1653536,,,"Literature","Literature",,,,,,,,,,0.37,"POLYGON((-94.7995425799 29.7552287152,-94.8072562583 29.7623739414,-94.7800745011 29.7790989312999,-94.7705838126999 29.7719173406))","Trinity Bay"
"Menidia beryllina","eats","Cirripedia",29.767257,-94.78913,,"Dixon, 1974",-13194000000,1653528,1653534,,"nauplius stage","Literature","Literature",,,,,,,,,,,"POLYGON((-94.7995425799 29.7552287152,-94.8072562583 29.7623739414,-94.7800745011 29.7790989312999,-94.7705838126999 29.7719173406))","Trinity Bay"
"Menidia beryllina","eats","Polychaeta",29.767257,-94.78913,,"Dixon, 1974",-13194000000,1653528,1653532,,,"Literature","Literature",,,,,,,,,,0.51,"POLYGON((-94.7995425799 29.7552287152,-94.8072562583 29.7623739414,-94.7800745011 29.7790989312999,-94.7705838126999 29.7719173406))","Trinity Bay"
"Menidia beryllina","eats","Insecta",29.767257,-94.78913,,"Dixon, 1974",-13194000000,1653528,1653530,,,"Literature","Literature",,,,,,,,,,0.38,"POLYGON((-94.7995425799 29.7552287152,-94.8072562583 29.7623739414,-94.7800745011 29.7790989312999,-94.7705838126999 29.7719173406))","Trinity Bay"
"Menidia beryllina","eats","Arachnida",29.696252,-94.945383,,"Dixon, 1974",-13194000000,1653742,1653766,,,"Literature","Literature",,,,,,,,,,,"POLYGON((-94.9392419968 29.6946376179,-94.9485457204 29.6914047902999,-94.9515233897 29.6973126345,-94.942649711 29.7014686300999))","Tabbs Bay"
"Menidia beryllina","eats","Amphipoda",29.696252,-94.945383,,"Dixon, 1974",-13194000000,1653742,1653764,,,"Literature","Literature",,,,,,,,,,0.4,"POLYGON((-94.9392419968 29.6946376179,-94.9485457204 29.6914047902999,-94.9515233897 29.6973126345,-94.942649711 29.7014686300999))","Tabbs Bay"
"Menidia beryllina","eats","Cyclopoida",29.696252,-94.945383,,"Dixon, 1974",-13194000000,1653742,1653762,,,"Literature","Literature",,,,,,,,,,,"POLYGON((-94.9392419968 29.6946376179,-94.9485457204 29.6914047902999,-94.9515233897 29.6973126345,-94.942649711 29.7014686300999))","Tabbs Bay"
"Menidia beryllina","eats","Harpacticoida",29.696252,-94.945383,,"Dixon, 1974",-13194000000,1653742,1653760,,,"Literature","Literature",,,,,,,,,,,"POLYGON((-94.9392419968 29.6946376179,-94.9485457204 29.6914047902999,-94.9515233897 29.6973126345,-94.942649711 29.7014686300999))","Tabbs Bay"
"Menidia beryllina","eats","Insecta",29.696252,-94.945383,,"Dixon, 1974",-13194000000,1653742,1653758,,"larval stage","Literature","Literature",,,,,,,,,,0.3,"POLYGON((-94.9392419968 29.6946376179,-94.9485457204 29.6914047902999,-94.9515233897 29.6973126345,-94.942649711 29.7014686300999))","Tabbs Bay"
"Menidia beryllina","eats","Actinopterygii",29.696252,-94.945383,,"Dixon, 1974",-13194000000,1653742,1653756,,,"Literature","Literature",,,,,,,,,,,"POLYGON((-94.9392419968 29.6946376179,-94.9485457204 29.6914047902999,-94.9515233897 29.6973126345,-94.942649711 29.7014686300999))","Tabbs Bay"
"Menidia beryllina","eats","Plantae",29.696252,-94.945383,,"Dixon, 1974",-13194000000,1653742,1653754,,,"Literature","Literature",,,,,,,,,,0.29,"POLYGON((-94.9392419968 29.6946376179,-94.9485457204 29.6914047902999,-94.9515233897 29.6973126345,-94.942649711 29.7014686300999))","Tabbs Bay"
"Menidia beryllina","eats","Animalia",29.696252,-94.945383,,"Dixon, 1974",-13194000000,1653742,1653752,,"egg","Literature","Literature",,,,,,,,,,,"POLYGON((-94.9392419968 29.6946376179,-94.9485457204 29.6914047902999,-94.9515233897 29.6973126345,-94.942649711 29.7014686300999))","Tabbs Bay"
"Menidia beryllina","eats","Acartia tonsa",29.696252,-94.945383,,"Dixon, 1974",-13194000000,1653742,1653750,,,"Literature","Literature",,,,,,,,,,,"POLYGON((-94.9392419968 29.6946376179,-94.9485457204 29.6914047902999,-94.9515233897 29.6973126345,-94.942649711 29.7014686300999))","Tabbs Bay"
"Menidia beryllina","eats","Cirripedia",29.696252,-94.945383,,"Dixon, 1974",-13194000000,1653742,1653748,,"nauplius stage","Literature","Literature",,,,,,,,,,,"POLYGON((-94.9392419968 29.6946376179,-94.9485457204 29.6914047902999,-94.9515233897 29.6973126345,-94.942649711 29.7014686300999))","Tabbs Bay"
"Menidia beryllina","eats","Polychaeta",29.696252,-94.945383,,"Dixon, 1974",-13194000000,1653742,1653746,,,"Literature","Literature",,,,,,,,,,,"POLYGON((-94.9392419968 29.6946376179,-94.9485457204 29.6914047902999,-94.9515233897 29.6973126345,-94.942649711 29.7014686300999))","Tabbs Bay"
"Menidia beryllina","eats","Insecta",29.696252,-94.945383,,"Dixon, 1974",-13194000000,1653742,1653744,,,"Literature","Literature",,,,,,,,,,0.15,"POLYGON((-94.9392419968 29.6946376179,-94.9485457204 29.6914047902999,-94.9515233897 29.6973126345,-94.942649711 29.7014686300999))","Tabbs Bay"
"Menidia beryllina","eats","Arachnida",29.741246,-94.827046,,"Dixon, 1974",-13194000000,1653716,1653740,,,"Literature","Literature",,,,,,,,,,,"POLYGON((-94.8055415573 29.7563529421,-94.8373662229 29.7215064705,-94.8465887643999 29.7321732143999,-94.8173632170999 29.7574550349,-94.8093280803 29.759590285))","Trinity Bay"
"Menidia beryllina","eats","Amphipoda",29.741246,-94.827046,,"Dixon, 1974",-13194000000,1653716,1653738,,,"Literature","Literature",,,,,,,,,,0.4,"POLYGON((-94.8055415573 29.7563529421,-94.8373662229 29.7215064705,-94.8465887643999 29.7321732143999,-94.8173632170999 29.7574550349,-94.8093280803 29.759590285))","Trinity Bay"
"Menidia beryllina","eats","Cyclopoida",29.741246,-94.827046,,"Dixon, 1974",-13194000000,1653716,1653736,,,"Literature","Literature",,,,,,,,,,,"POLYGON((-94.8055415573 29.7563529421,-94.8373662229 29.7215064705,-94.8465887643999 29.7321732143999,-94.8173632170999 29.7574550349,-94.8093280803 29.759590285))","Trinity Bay"
"Menidia beryllina","eats","Harpacticoida",29.741246,-94.827046,,"Dixon, 1974",-13194000000,1653716,1653734,,,"Literature","Literature",,,,,,,,,,,"POLYGON((-94.8055415573 29.7563529421,-94.8373662229 29.7215064705,-94.8465887643999 29.7321732143999,-94.8173632170999 29.7574550349,-94.8093280803 29.759590285))","Trinity Bay"
"Menidia beryllina","eats","Insecta",29.741246,-94.827046,,"Dixon, 1974",-13194000000,1653716,1653732,,"larval stage","Literature","Literature",,,,,,,,,,0.3,"POLYGON((-94.8055415573 29.7563529421,-94.8373662229 29.7215064705,-94.8465887643999 29.7321732143999,-94.8173632170999 29.7574550349,-94.8093280803 29.759590285))","Trinity Bay"
"Menidia beryllina","eats","Actinopterygii",29.741246,-94.827046,,"Dixon, 1974",-13194000000,1653716,1653730,,,"Literature","Literature",,,,,,,,,,,"POLYGON((-94.8055415573 29.7563529421,-94.8373662229 29.7215064705,-94.8465887643999 29.7321732143999,-94.8173632170999 29.7574550349,-94.8093280803 29.759590285))","Trinity Bay"
"Menidia beryllina","eats","Plantae",29.741246,-94.827046,,"Dixon, 1974",-13194000000,1653716,1653728,,,"Literature","Literature",,,,,,,,,,0.29,"POLYGON((-94.8055415573 29.7563529421,-94.8373662229 29.7215064705,-94.8465887643999 29.7321732143999,-94.8173632170999 29.7574550349,-94.8093280803 29.759590285))","Trinity Bay"
"Menidia beryllina","eats","Animalia",29.741246,-94.827046,,"Dixon, 1974",-13194000000,1653716,1653726,,"egg","Literature","Literature",,,,,,,,,,,"POLYGON((-94.8055415573 29.7563529421,-94.8373662229 29.7215064705,-94.8465887643999 29.7321732143999,-94.8173632170999 29.7574550349,-94.8093280803 29.759590285))","Trinity Bay"
"Menidia beryllina","eats","Acartia tonsa",29.741246,-94.827046,,"Dixon, 1974",-13194000000,1653716,1653724,,,"Literature","Literature",,,,,,,,,,,"POLYGON((-94.8055415573 29.7563529421,-94.8373662229 29.7215064705,-94.8465887643999 29.7321732143999,-94.8173632170999 29.7574550349,-94.8093280803 29.759590285))","Trinity Bay"
"Menidia beryllina","eats","Cirripedia",29.741246,-94.827046,,"Dixon, 1974",-13194000000,1653716,1653722,,"nauplius stage","Literature","Literature",,,,,,,,,,,"POLYGON((-94.8055415573 29.7563529421,-94.8373662229 29.7215064705,-94.8465887643999 29.7321732143999,-94.8173632170999 29.7574550349,-94.8093280803 29.759590285))","Trinity Bay"
"Menidia beryllina","eats","Polychaeta",29.741246,-94.827046,,"Dixon, 1974",-13194000000,1653716,1653720,,,"Literature","Literature",,,,,,,,,,,"POLYGON((-94.8055415573 29.7563529421,-94.8373662229 29.7215064705,-94.8465887643999 29.7321732143999,-94.8173632170999 29.7574550349,-94.8093280803 29.759590285))","Trinity Bay"
"Menidia beryllina","eats","Insecta",29.741246,-94.827046,,"Dixon, 1974",-13194000000,1653716,1653718,,,"Literature","Literature",,,,,,,,,,0.15,"POLYGON((-94.8055415573 29.7563529421,-94.8373662229 29.7215064705,-94.8465887643999 29.7321732143999,-94.8173632170999 29.7574550349,-94.8093280803 29.759590285))","Trinity Bay"
"Menidia beryllina","eats","Arachnida",29.696252,-94.945383,,"Dixon, 1974",-13194000000,1653664,1653688,,,"Literature","Literature",,,,,,,,,,,"POLYGON((-94.9392419968 29.6946376179,-94.9485457204 29.6914047902999,-94.9515233897 29.6973126345,-94.942649711 29.7014686300999))","Tabbs Bay"
"Menidia beryllina","eats","Amphipoda",29.696252,-94.945383,,"Dixon, 1974",-13194000000,1653664,1653686,,,"Literature","Literature",,,,,,,,,,0.36,"POLYGON((-94.9392419968 29.6946376179,-94.9485457204 29.6914047902999,-94.9515233897 29.6973126345,-94.942649711 29.7014686300999))","Tabbs Bay"
"Menidia beryllina","eats","Cyclopoida",29.696252,-94.945383,,"Dixon, 1974",-13194000000,1653664,1653684,,,"Literature","Literature",,,,,,,,,,0.12,"POLYGON((-94.9392419968 29.6946376179,-94.9485457204 29.6914047902999,-94.9515233897 29.6973126345,-94.942649711 29.7014686300999))","Tabbs Bay"
"Menidia beryllina","eats","Harpacticoida",29.696252,-94.945383,,"Dixon, 1974",-13194000000,1653664,1653682,,,"Literature","Literature",,,,,,,,,,,"POLYGON((-94.9392419968 29.6946376179,-94.9485457204 29.6914047902999,-94.9515233897 29.6973126345,-94.942649711 29.7014686300999))","Tabbs Bay"
"Menidia beryllina","eats","Insecta",29.696252,-94.945383,,"Dixon, 1974",-13194000000,1653664,1653680,,"larval stage","Literature","Literature",,,,,,,,,,0.12,"POLYGON((-94.9392419968 29.6946376179,-94.9485457204 29.6914047902999,-94.9515233897 29.6973126345,-94.942649711 29.7014686300999))","Tabbs Bay"
"Menidia beryllina","eats","Actinopterygii",29.696252,-94.945383,,"Dixon, 1974",-13194000000,1653664,1653678,,,"Literature","Literature",,,,,,,,,,,"POLYGON((-94.9392419968 29.6946376179,-94.9485457204 29.6914047902999,-94.9515233897 29.6973126345,-94.942649711 29.7014686300999))","Tabbs Bay"
"Menidia beryllina","eats","Plantae",29.696252,-94.945383,,"Dixon, 1974",-13194000000,1653664,1653676,,,"Literature","Literature",,,,,,,,,,0.28,"POLYGON((-94.9392419968 29.6946376179,-94.9485457204 29.6914047902999,-94.9515233897 29.6973126345,-94.942649711 29.7014686300999))","Tabbs Bay"
"Menidia beryllina","eats","Animalia",29.696252,-94.945383,,"Dixon, 1974",-13194000000,1653664,1653674,,"egg","Literature","Literature",,,,,,,,,,,"POLYGON((-94.9392419968 29.6946376179,-94.9485457204 29.6914047902999,-94.9515233897 29.6973126345,-94.942649711 29.7014686300999))","Tabbs Bay"
"Menidia beryllina","eats","Acartia tonsa",29.696252,-94.945383,,"Dixon, 1974",-13194000000,1653664,1653672,,,"Literature","Literature",,,,,,,,,,,"POLYGON((-94.9392419968 29.6946376179,-94.9485457204 29.6914047902999,-94.9515233897 29.6973126345,-94.942649711 29.7014686300999))","Tabbs Bay"
"Menidia beryllina","eats","Cirripedia",29.696252,-94.945383,,"Dixon, 1974",-13194000000,1653664,1653670,,"nauplius stage","Literature","Literature",,,,,,,,,,,"POLYGON((-94.9392419968 29.6946376179,-94.9485457204 29.6914047902999,-94.9515233897 29.6973126345,-94.942649711 29.7014686300999))","Tabbs Bay"
"Menidia beryllina","eats","Polychaeta",29.696252,-94.945383,,"Dixon, 1974",-13194000000,1653664,1653668,,,"Literature","Literature",,,,,,,,,,,"POLYGON((-94.9392419968 29.6946376179,-94.9485457204 29.6914047902999,-94.9515233897 29.6973126345,-94.942649711 29.7014686300999))","Tabbs Bay"
"Menidia beryllina","eats","Insecta",29.696252,-94.945383,,"Dixon, 1974",-13194000000,1653664,1653666,,,"Literature","Literature",,,,,,,,,,0.8,"POLYGON((-94.9392419968 29.6946376179,-94.9485457204 29.6914047902999,-94.9515233897 29.6973126345,-94.942649711 29.7014686300999))","Tabbs Bay"
"Menidia beryllina","eats","Arachnida",29.767257,-94.78913,,"Dixon, 1974",-13194000000,1653690,1653714,,,"Literature","Literature",,,,,,,,,,,"POLYGON((-94.7995425799 29.7552287152,-94.8072562583 29.7623739414,-94.7800745011 29.7790989312999,-94.7705838126999 29.7719173406))","Trinity Bay"
"Menidia beryllina","eats","Amphipoda",29.767257,-94.78913,,"Dixon, 1974",-13194000000,1653690,1653712,,,"Literature","Literature",,,,,,,,,,0.36,"POLYGON((-94.7995425799 29.7552287152,-94.8072562583 29.7623739414,-94.7800745011 29.7790989312999,-94.7705838126999 29.7719173406))","Trinity Bay"
"Menidia beryllina","eats","Cyclopoida",29.767257,-94.78913,,"Dixon, 1974",-13194000000,1653690,1653710,,,"Literature","Literature",,,,,,,,,,0.12,"POLYGON((-94.7995425799 29.7552287152,-94.8072562583 29.7623739414,-94.7800745011 29.7790989312999,-94.7705838126999 29.7719173406))","Trinity Bay"
"Menidia beryllina","eats","Harpacticoida",29.767257,-94.78913,,"Dixon, 1974",-13194000000,1653690,1653708,,,"Literature","Literature",,,,,,,,,,,"POLYGON((-94.7995425799 29.7552287152,-94.8072562583 29.7623739414,-94.7800745011 29.7790989312999,-94.7705838126999 29.7719173406))","Trinity Bay"
"Menidia beryllina","eats","Insecta",29.767257,-94.78913,,"Dixon, 1974",-13194000000,1653690,1653706,,"larval stage","Literature","Literature",,,,,,,,,,0.12,"POLYGON((-94.7995425799 29.7552287152,-94.8072562583 29.7623739414,-94.7800745011 29.7790989312999,-94.7705838126999 29.7719173406))","Trinity Bay"
"Menidia beryllina","eats","Actinopterygii",29.767257,-94.78913,,"Dixon, 1974",-13194000000,1653690,1653704,,,"Literature","Literature",,,,,,,,,,,"POLYGON((-94.7995425799 29.7552287152,-94.8072562583 29.7623739414,-94.7800745011 29.7790989312999,-94.7705838126999 29.7719173406))","Trinity Bay"
"Menidia beryllina","eats","Plantae",29.767257,-94.78913,,"Dixon, 1974",-13194000000,1653690,1653702,,,"Literature","Literature",,,,,,,,,,0.28,"POLYGON((-94.7995425799 29.7552287152,-94.8072562583 29.7623739414,-94.7800745011 29.7790989312999,-94.7705838126999 29.7719173406))","Trinity Bay"
"Menidia beryllina","eats","Animalia",29.767257,-94.78913,,"Dixon, 1974",-13194000000,1653690,1653700,,"egg","Literature","Literature",,,,,,,,,,,"POLYGON((-94.7995425799 29.7552287152,-94.8072562583 29.7623739414,-94.7800745011 29.7790989312999,-94.7705838126999 29.7719173406))","Trinity Bay"
"Menidia beryllina","eats","Acartia tonsa",29.767257,-94.78913,,"Dixon, 1974",-13194000000,1653690,1653698,,,"Literature","Literature",,,,,,,,,,,"POLYGON((-94.7995425799 29.7552287152,-94.8072562583 29.7623739414,-94.7800745011 29.7790989312999,-94.7705838126999 29.7719173406))","Trinity Bay"
"Menidia beryllina","eats","Cirripedia",29.767257,-94.78913,,"Dixon, 1974",-13194000000,1653690,1653696,,"nauplius stage","Literature","Literature",,,,,,,,,,,"POLYGON((-94.7995425799 29.7552287152,-94.8072562583 29.7623739414,-94.7800745011 29.7790989312999,-94.7705838126999 29.7719173406))","Trinity Bay"
"Menidia beryllina","eats","Polychaeta",29.767257,-94.78913,,"Dixon, 1974",-13194000000,1653690,1653694,,,"Literature","Literature",,,,,,,,,,,"POLYGON((-94.7995425799 29.7552287152,-94.8072562583 29.7623739414,-94.7800745011 29.7790989312999,-94.7705838126999 29.7719173406))","Trinity Bay"
"Menidia beryllina","eats","Insecta",29.767257,-94.78913,,"Dixon, 1974",-13194000000,1653690,1653692,,,"Literature","Literature",,,,,,,,,,0.8,"POLYGON((-94.7995425799 29.7552287152,-94.8072562583 29.7623739414,-94.7800745011 29.7790989312999,-94.7705838126999 29.7719173406))","Trinity Bay"
"Menidia beryllina","eats","Arachnida",29.741246,-94.827046,,"Dixon, 1974",-13194000000,1653638,1653662,,,"Literature","Literature",,,,,,,,,,,"POLYGON((-94.8055415573 29.7563529421,-94.8373662229 29.7215064705,-94.8465887643999 29.7321732143999,-94.8173632170999 29.7574550349,-94.8093280803 29.759590285))","Trinity Bay"
"Menidia beryllina","eats","Amphipoda",29.741246,-94.827046,,"Dixon, 1974",-13194000000,1653638,1653660,,,"Literature","Literature",,,,,,,,,,0.36,"POLYGON((-94.8055415573 29.7563529421,-94.8373662229 29.7215064705,-94.8465887643999 29.7321732143999,-94.8173632170999 29.7574550349,-94.8093280803 29.759590285))","Trinity Bay"
"Menidia beryllina","eats","Cyclopoida",29.741246,-94.827046,,"Dixon, 1974",-13194000000,1653638,1653658,,,"Literature","Literature",,,,,,,,,,0.12,"POLYGON((-94.8055415573 29.7563529421,-94.8373662229 29.7215064705,-94.8465887643999 29.7321732143999,-94.8173632170999 29.7574550349,-94.8093280803 29.759590285))","Trinity Bay"
"Menidia beryllina","eats","Harpacticoida",29.741246,-94.827046,,"Dixon, 1974",-13194000000,1653638,1653656,,,"Literature","Literature",,,,,,,,,,,"POLYGON((-94.8055415573 29.7563529421,-94.8373662229 29.7215064705,-94.8465887643999 29.7321732143999,-94.8173632170999 29.7574550349,-94.8093280803 29.759590285))","Trinity Bay"
"Menidia beryllina","eats","Insecta",29.741246,-94.827046,,"Dixon, 1974",-13194000000,1653638,1653654,,"larval stage","Literature","Literature",,,,,,,,,,0.12,"POLYGON((-94.8055415573 29.7563529421,-94.8373662229 29.7215064705,-94.8465887643999 29.7321732143999,-94.8173632170999 29.7574550349,-94.8093280803 29.759590285))","Trinity Bay"
"Menidia beryllina","eats","Actinopterygii",29.741246,-94.827046,,"Dixon, 1974",-13194000000,1653638,1653652,,,"Literature","Literature",,,,,,,,,,,"POLYGON((-94.8055415573 29.7563529421,-94.8373662229 29.7215064705,-94.8465887643999 29.7321732143999,-94.8173632170999 29.7574550349,-94.8093280803 29.759590285))","Trinity Bay"
"Menidia beryllina","eats","Plantae",29.741246,-94.827046,,"Dixon, 1974",-13194000000,1653638,1653650,,,"Literature","Literature",,,,,,,,,,0.28,"POLYGON((-94.8055415573 29.7563529421,-94.8373662229 29.7215064705,-94.8465887643999 29.7321732143999,-94.8173632170999 29.7574550349,-94.8093280803 29.759590285))","Trinity Bay"
"Menidia beryllina","eats","Animalia",29.741246,-94.827046,,"Dixon, 1974",-13194000000,1653638,1653648,,"egg","Literature","Literature",,,,,,,,,,,"POLYGON((-94.8055415573 29.7563529421,-94.8373662229 29.7215064705,-94.8465887643999 29.7321732143999,-94.8173632170999 29.7574550349,-94.8093280803 29.759590285))","Trinity Bay"
"Menidia beryllina","eats","Acartia tonsa",29.741246,-94.827046,,"Dixon, 1974",-13194000000,1653638,1653646,,,"Literature","Literature",,,,,,,,,,,"POLYGON((-94.8055415573 29.7563529421,-94.8373662229 29.7215064705,-94.8465887643999 29.7321732143999,-94.8173632170999 29.7574550349,-94.8093280803 29.759590285))","Trinity Bay"
"Menidia beryllina","eats","Cirripedia",29.741246,-94.827046,,"Dixon, 1974",-13194000000,1653638,1653644,,"nauplius stage","Literature","Literature",,,,,,,,,,,"POLYGON((-94.8055415573 29.7563529421,-94.8373662229 29.7215064705,-94.8465887643999 29.7321732143999,-94.8173632170999 29.7574550349,-94.8093280803 29.759590285))","Trinity Bay"
"Menidia beryllina","eats","Polychaeta",29.741246,-94.827046,,"Dixon, 1974",-13194000000,1653638,1653642,,,"Literature","Literature",,,,,,,,,,,"POLYGON((-94.8055415573 29.7563529421,-94.8373662229 29.7215064705,-94.8465887643999 29.7321732143999,-94.8173632170999 29.7574550349,-94.8093280803 29.759590285))","Trinity Bay"
"Menidia beryllina","eats","Insecta",29.741246,-94.827046,,"Dixon, 1974",-13194000000,1653638,1653640,,,"Literature","Literature",,,,,,,,,,0.8,"POLYGON((-94.8055415573 29.7563529421,-94.8373662229 29.7215064705,-94.8465887643999 29.7321732143999,-94.8173632170999 29.7574550349,-94.8093280803 29.759590285))","Trinity Bay"
"Menidia beryllina","eats","Arachnida",29.696252,-94.945383,,"Dixon, 1974",-13194000000,1653346,1653370,,,"Literature","Literature",,,,,,,,,,,"POLYGON((-94.9392419968 29.6946376179,-94.9485457204 29.6914047902999,-94.9515233897 29.6973126345,-94.942649711 29.7014686300999))","Tabbs Bay"
"Menidia beryllina","eats","Amphipoda",29.696252,-94.945383,,"Dixon, 1974",-13194000000,1653346,1653368,,,"Literature","Literature",,,,,,,,,,0.02,"POLYGON((-94.9392419968 29.6946376179,-94.9485457204 29.6914047902999,-94.9515233897 29.6973126345,-94.942649711 29.7014686300999))","Tabbs Bay"
"Menidia beryllina","eats","Cyclopoida",29.696252,-94.945383,,"Dixon, 1974",-13194000000,1653346,1653366,,,"Literature","Literature",,,,,,,,,,,"POLYGON((-94.9392419968 29.6946376179,-94.9485457204 29.6914047902999,-94.9515233897 29.6973126345,-94.942649711 29.7014686300999))","Tabbs Bay"
"Menidia beryllina","eats","Harpacticoida",29.696252,-94.945383,,"Dixon, 1974",-13194000000,1653346,1653364,,,"Literature","Literature",,,,,,,,,,0.11,"POLYGON((-94.9392419968 29.6946376179,-94.9485457204 29.6914047902999,-94.9515233897 29.6973126345,-94.942649711 29.7014686300999))","Tabbs Bay"
"Menidia beryllina","eats","Insecta",29.696252,-94.945383,,"Dixon, 1974",-13194000000,1653346,1653362,,"larval stage","Literature","Literature",,,,,,,,,,,"POLYGON((-94.9392419968 29.6946376179,-94.9485457204 29.6914047902999,-94.9515233897 29.6973126345,-94.942649711 29.7014686300999))","Tabbs Bay"
"Menidia beryllina","eats","Actinopterygii",29.696252,-94.945383,,"Dixon, 1974",-13194000000,1653346,1653360,,,"Literature","Literature",,,,,,,,,,,"POLYGON((-94.9392419968 29.6946376179,-94.9485457204 29.6914047902999,-94.9515233897 29.6973126345,-94.942649711 29.7014686300999))","Tabbs Bay"
"Menidia beryllina","eats","Plantae",29.696252,-94.945383,,"Dixon, 1974",-13194000000,1653346,1653358,,,"Literature","Literature",,,,,,,,,,0.11,"POLYGON((-94.9392419968 29.6946376179,-94.9485457204 29.6914047902999,-94.9515233897 29.6973126345,-94.942649711 29.7014686300999))","Tabbs Bay"
"Menidia beryllina","eats","Animalia",29.696252,-94.945383,,"Dixon, 1974",-13194000000,1653346,1653356,,"egg","Literature","Literature",,,,,,,,,,0.03,"POLYGON((-94.9392419968 29.6946376179,-94.9485457204 29.6914047902999,-94.9515233897 29.6973126345,-94.942649711 29.7014686300999))","Tabbs Bay"
"Menidia beryllina","eats","Acartia tonsa",29.696252,-94.945383,,"Dixon, 1974",-13194000000,1653346,1653354,,,"Literature","Literature",,,,,,,,,,,"POLYGON((-94.9392419968 29.6946376179,-94.9485457204 29.6914047902999,-94.9515233897 29.6973126345,-94.942649711 29.7014686300999))","Tabbs Bay"
"Menidia beryllina","eats","Cirripedia",29.696252,-94.945383,,"Dixon, 1974",-13194000000,1653346,1653352,,"nauplius stage","Literature","Literature",,,,,,,,,,0.04,"POLYGON((-94.9392419968 29.6946376179,-94.9485457204 29.6914047902999,-94.9515233897 29.6973126345,-94.942649711 29.7014686300999))","Tabbs Bay"
"Menidia beryllina","eats","Polychaeta",29.696252,-94.945383,,"Dixon, 1974",-13194000000,1653346,1653350,,,"Literature","Literature",,,,,,,,,,1.0,"POLYGON((-94.9392419968 29.6946376179,-94.9485457204 29.6914047902999,-94.9515233897 29.6973126345,-94.942649711 29.7014686300999))","Tabbs Bay"
"Menidia beryllina","eats","Insecta",29.696252,-94.945383,,"Dixon, 1974",-13194000000,1653346,1653348,,,"Literature","Literature",,,,,,,,,,0.5,"POLYGON((-94.9392419968 29.6946376179,-94.9485457204 29.6914047902999,-94.9515233897 29.6973126345,-94.942649711 29.7014686300999))","Tabbs Bay"
"Menidia beryllina","eats","Arachnida",29.741246,-94.827046,,"Dixon, 1974",-13194000000,1653320,1653344,,,"Literature","Literature",,,,,,,,,,,"POLYGON((-94.8055415573 29.7563529421,-94.8373662229 29.7215064705,-94.8465887643999 29.7321732143999,-94.8173632170999 29.7574550349,-94.8093280803 29.759590285))","Trinity Bay"
"Menidia beryllina","eats","Amphipoda",29.741246,-94.827046,,"Dixon, 1974",-13194000000,1653320,1653342,,,"Literature","Literature",,,,,,,,,,0.02,"POLYGON((-94.8055415573 29.7563529421,-94.8373662229 29.7215064705,-94.8465887643999 29.7321732143999,-94.8173632170999 29.7574550349,-94.8093280803 29.759590285))","Trinity Bay"
"Menidia beryllina","eats","Cyclopoida",29.741246,-94.827046,,"Dixon, 1974",-13194000000,1653320,1653340,,,"Literature","Literature",,,,,,,,,,,"POLYGON((-94.8055415573 29.7563529421,-94.8373662229 29.7215064705,-94.8465887643999 29.7321732143999,-94.8173632170999 29.7574550349,-94.8093280803 29.759590285))","Trinity Bay"
"Menidia beryllina","eats","Harpacticoida",29.741246,-94.827046,,"Dixon, 1974",-13194000000,1653320,1653338,,,"Literature","Literature",,,,,,,,,,0.11,"POLYGON((-94.8055415573 29.7563529421,-94.8373662229 29.7215064705,-94.8465887643999 29.7321732143999,-94.8173632170999 29.7574550349,-94.8093280803 29.759590285))","Trinity Bay"
"Menidia beryllina","eats","Insecta",29.741246,-94.827046,,"Dixon, 1974",-13194000000,1653320,1653336,,"larval stage","Literature","Literature",,,,,,,,,,,"POLYGON((-94.8055415573 29.7563529421,-94.8373662229 29.7215064705,-94.8465887643999 29.7321732143999,-94.8173632170999 29.7574550349,-94.8093280803 29.759590285))","Trinity Bay"
"Menidia beryllina","eats","Actinopterygii",29.741246,-94.827046,,"Dixon, 1974",-13194000000,1653320,1653334,,,"Literature","Literature",,,,,,,,,,,"POLYGON((-94.8055415573 29.7563529421,-94.8373662229 29.7215064705,-94.8465887643999 29.7321732143999,-94.8173632170999 29.7574550349,-94.8093280803 29.759590285))","Trinity Bay"
"Menidia beryllina","eats","Plantae",29.741246,-94.827046,,"Dixon, 1974",-13194000000,1653320,1653332,,,"Literature","Literature",,,,,,,,,,0.11,"POLYGON((-94.8055415573 29.7563529421,-94.8373662229 29.7215064705,-94.8465887643999 29.7321732143999,-94.8173632170999 29.7574550349,-94.8093280803 29.759590285))","Trinity Bay"
"Menidia beryllina","eats","Animalia",29.741246,-94.827046,,"Dixon, 1974",-13194000000,1653320,1653330,,"egg","Literature","Literature",,,,,,,,,,0.03,"POLYGON((-94.8055415573 29.7563529421,-94.8373662229 29.7215064705,-94.8465887643999 29.7321732143999,-94.8173632170999 29.7574550349,-94.8093280803 29.759590285))","Trinity Bay"
"Menidia beryllina","eats","Acartia tonsa",29.741246,-94.827046,,"Dixon, 1974",-13194000000,1653320,1653328,,,"Literature","Literature",,,,,,,,,,,"POLYGON((-94.8055415573 29.7563529421,-94.8373662229 29.7215064705,-94.8465887643999 29.7321732143999,-94.8173632170999 29.7574550349,-94.8093280803 29.759590285))","Trinity Bay"
"Menidia beryllina","eats","Cirripedia",29.741246,-94.827046,,"Dixon, 1974",-13194000000,1653320,1653326,,"nauplius stage","Literature","Literature",,,,,,,,,,0.04,"POLYGON((-94.8055415573 29.7563529421,-94.8373662229 29.7215064705,-94.8465887643999 29.7321732143999,-94.8173632170999 29.7574550349,-94.8093280803 29.759590285))","Trinity Bay"
"Menidia beryllina","eats","Polychaeta",29.741246,-94.827046,,"Dixon, 1974",-13194000000,1653320,1653324,,,"Literature","Literature",,,,,,,,,,1.0,"POLYGON((-94.8055415573 29.7563529421,-94.8373662229 29.7215064705,-94.8465887643999 29.7321732143999,-94.8173632170999 29.7574550349,-94.8093280803 29.759590285))","Trinity Bay"
"Menidia beryllina","eats","Insecta",29.741246,-94.827046,,"Dixon, 1974",-13194000000,1653320,1653322,,,"Literature","Literature",,,,,,,,,,0.5,"POLYGON((-94.8055415573 29.7563529421,-94.8373662229 29.7215064705,-94.8465887643999 29.7321732143999,-94.8173632170999 29.7574550349,-94.8093280803 29.759590285))","Trinity Bay"
"Menidia beryllina","eats","Arachnida",29.767257,-94.78913,,"Dixon, 1974",-13194000000,1653294,1653318,,,"Literature","Literature",,,,,,,,,,,"POLYGON((-94.7995425799 29.7552287152,-94.8072562583 29.7623739414,-94.7800745011 29.7790989312999,-94.7705838126999 29.7719173406))","Trinity Bay"
"Menidia beryllina","eats","Amphipoda",29.767257,-94.78913,,"Dixon, 1974",-13194000000,1653294,1653316,,,"Literature","Literature",,,,,,,,,,0.2,"POLYGON((-94.7995425799 29.7552287152,-94.8072562583 29.7623739414,-94.7800745011 29.7790989312999,-94.7705838126999 29.7719173406))","Trinity Bay"
"Menidia beryllina","eats","Cyclopoida",29.767257,-94.78913,,"Dixon, 1974",-13194000000,1653294,1653314,,,"Literature","Literature",,,,,,,,,,,"POLYGON((-94.7995425799 29.7552287152,-94.8072562583 29.7623739414,-94.7800745011 29.7790989312999,-94.7705838126999 29.7719173406))","Trinity Bay"
"Menidia beryllina","eats","Harpacticoida",29.767257,-94.78913,,"Dixon, 1974",-13194000000,1653294,1653312,,,"Literature","Literature",,,,,,,,,,0.12,"POLYGON((-94.7995425799 29.7552287152,-94.8072562583 29.7623739414,-94.7800745011 29.7790989312999,-94.7705838126999 29.7719173406))","Trinity Bay"
"Menidia beryllina","eats","Insecta",29.767257,-94.78913,,"Dixon, 1974",-13194000000,1653294,1653310,,"larval stage","Literature","Literature",,,,,,,,,,0.11,"POLYGON((-94.7995425799 29.7552287152,-94.8072562583 29.7623739414,-94.7800745011 29.7790989312999,-94.7705838126999 29.7719173406))","Trinity Bay"
"Menidia beryllina","eats","Actinopterygii",29.767257,-94.78913,,"Dixon, 1974",-13194000000,1653294,1653308,,,"Literature","Literature",,,,,,,,,,0.03,"POLYGON((-94.7995425799 29.7552287152,-94.8072562583 29.7623739414,-94.7800745011 29.7790989312999,-94.7705838126999 29.7719173406))","Trinity Bay"
"Menidia beryllina","eats","Plantae",29.767257,-94.78913,,"Dixon, 1974",-13194000000,1653294,1653306,,,"Literature","Literature",,,,,,,,,,0.52,"POLYGON((-94.7995425799 29.7552287152,-94.8072562583 29.7623739414,-94.7800745011 29.7790989312999,-94.7705838126999 29.7719173406))","Trinity Bay"
"Menidia beryllina","eats","Animalia",29.767257,-94.78913,,"Dixon, 1974",-13194000000,1653294,1653304,,"egg","Literature","Literature",,,,,,,,,,0.05,"POLYGON((-94.7995425799 29.7552287152,-94.8072562583 29.7623739414,-94.7800745011 29.7790989312999,-94.7705838126999 29.7719173406))","Trinity Bay"
"Menidia beryllina","eats","Acartia tonsa",29.767257,-94.78913,,"Dixon, 1974",-13194000000,1653294,1653302,,,"Literature","Literature",,,,,,,,,,0.11,"POLYGON((-94.7995425799 29.7552287152,-94.8072562583 29.7623739414,-94.7800745011 29.7790989312999,-94.7705838126999 29.7719173406))","Trinity Bay"
"Menidia beryllina","eats","Cirripedia",29.767257,-94.78913,,"Dixon, 1974",-13194000000,1653294,1653300,,"nauplius stage","Literature","Literature",,,,,,,,,,0.09,"POLYGON((-94.7995425799 29.7552287152,-94.8072562583 29.7623739414,-94.7800745011 29.7790989312999,-94.7705838126999 29.7719173406))","Trinity Bay"
"Menidia beryllina","eats","Polychaeta",29.767257,-94.78913,,"Dixon, 1974",-13194000000,1653294,1653298,,,"Literature","Literature",,,,,,,,,,0.15,"POLYGON((-94.7995425799 29.7552287152,-94.8072562583 29.7623739414,-94.7800745011 29.7790989312999,-94.7705838126999 29.7719173406))","Trinity Bay"
"Menidia beryllina","eats","Insecta",29.767257,-94.78913,,"Dixon, 1974",-13194000000,1653294,1653296,,,"Literature","Literature",,,,,,,,,,0.31,"POLYGON((-94.7995425799 29.7552287152,-94.8072562583 29.7623739414,-94.7800745011 29.7790989312999,-94.7705838126999 29.7719173406))","Trinity Bay"
"Menidia beryllina","eats","Arachnida",29.696252,-94.945383,,"Dixon, 1974",-13194000000,1653268,1653292,,,"Literature","Literature",,,,,,,,,,,"POLYGON((-94.9392419968 29.6946376179,-94.9485457204 29.6914047902999,-94.9515233897 29.6973126345,-94.942649711 29.7014686300999))","Tabbs Bay"
"Menidia beryllina","eats","Amphipoda",29.696252,-94.945383,,"Dixon, 1974",-13194000000,1653268,1653290,,,"Literature","Literature",,,,,,,,,,0.2,"POLYGON((-94.9392419968 29.6946376179,-94.9485457204 29.6914047902999,-94.9515233897 29.6973126345,-94.942649711 29.7014686300999))","Tabbs Bay"
"Menidia beryllina","eats","Cyclopoida",29.696252,-94.945383,,"Dixon, 1974",-13194000000,1653268,1653288,,,"Literature","Literature",,,,,,,,,,,"POLYGON((-94.9392419968 29.6946376179,-94.9485457204 29.6914047902999,-94.9515233897 29.6973126345,-94.942649711 29.7014686300999))","Tabbs Bay"
"Menidia beryllina","eats","Harpacticoida",29.696252,-94.945383,,"Dixon, 1974",-13194000000,1653268,1653286,,,"Literature","Literature",,,,,,,,,,0.12,"POLYGON((-94.9392419968 29.6946376179,-94.9485457204 29.6914047902999,-94.9515233897 29.6973126345,-94.942649711 29.7014686300999))","Tabbs Bay"
"Menidia beryllina","eats","Insecta",29.696252,-94.945383,,"Dixon, 1974",-13194000000,1653268,1653284,,"larval stage","Literature","Literature",,,,,,,,,,0.11,"POLYGON((-94.9392419968 29.6946376179,-94.9485457204 29.6914047902999,-94.9515233897 29.6973126345,-94.942649711 29.7014686300999))","Tabbs Bay"
"Menidia beryllina","eats","Actinopterygii",29.696252,-94.945383,,"Dixon, 1974",-13194000000,1653268,1653282,,,"Literature","Literature",,,,,,,,,,0.03,"POLYGON((-94.9392419968 29.6946376179,-94.9485457204 29.6914047902999,-94.9515233897 29.6973126345,-94.942649711 29.7014686300999))","Tabbs Bay"
"Menidia beryllina","eats","Plantae",29.696252,-94.945383,,"Dixon, 1974",-13194000000,1653268,1653280,,,"Literature","Literature",,,,,,,,,,0.52,"POLYGON((-94.9392419968 29.6946376179,-94.9485457204 29.6914047902999,-94.9515233897 29.6973126345,-94.942649711 29.7014686300999))","Tabbs Bay"
"Menidia beryllina","eats","Animalia",29.696252,-94.945383,,"Dixon, 1974",-13194000000,1653268,1653278,,"egg","Literature","Literature",,,,,,,,,,0.05,"POLYGON((-94.9392419968 29.6946376179,-94.9485457204 29.6914047902999,-94.9515233897 29.6973126345,-94.942649711 29.7014686300999))","Tabbs Bay"
"Menidia beryllina","eats","Acartia tonsa",29.696252,-94.945383,,"Dixon, 1974",-13194000000,1653268,1653276,,,"Literature","Literature",,,,,,,,,,0.11,"POLYGON((-94.9392419968 29.6946376179,-94.9485457204 29.6914047902999,-94.9515233897 29.6973126345,-94.942649711 29.7014686300999))","Tabbs Bay"
"Menidia beryllina","eats","Cirripedia",29.696252,-94.945383,,"Dixon, 1974",-13194000000,1653268,1653274,,"nauplius stage","Literature","Literature",,,,,,,,,,0.09,"POLYGON((-94.9392419968 29.6946376179,-94.9485457204 29.6914047902999,-94.9515233897 29.6973126345,-94.942649711 29.7014686300999))","Tabbs Bay"
"Menidia beryllina","eats","Polychaeta",29.696252,-94.945383,,"Dixon, 1974",-13194000000,1653268,1653272,,,"Literature","Literature",,,,,,,,,,0.15,"POLYGON((-94.9392419968 29.6946376179,-94.9485457204 29.6914047902999,-94.9515233897 29.6973126345,-94.942649711 29.7014686300999))","Tabbs Bay"
"Menidia beryllina","eats","Insecta",29.696252,-94.945383,,"Dixon, 1974",-13194000000,1653268,1653270,,,"Literature","Literature",,,,,,,,,,0.31,"POLYGON((-94.9392419968 29.6946376179,-94.9485457204 29.6914047902999,-94.9515233897 29.6973126345,-94.942649711 29.7014686300999))","Tabbs Bay"
"Menidia beryllina","eats","Arachnida",29.741246,-94.827046,,"Dixon, 1974",-13194000000,1653476,1653500,,,"Literature","Literature",,,,,,,,,,0.04,"POLYGON((-94.8055415573 29.7563529421,-94.8373662229 29.7215064705,-94.8465887643999 29.7321732143999,-94.8173632170999 29.7574550349,-94.8093280803 29.759590285))","Trinity Bay"
"Menidia beryllina","eats","Amphipoda",29.741246,-94.827046,,"Dixon, 1974",-13194000000,1653476,1653498,,,"Literature","Literature",,,,,,,,,,0.03,"POLYGON((-94.8055415573 29.7563529421,-94.8373662229 29.7215064705,-94.8465887643999 29.7321732143999,-94.8173632170999 29.7574550349,-94.8093280803 29.759590285))","Trinity Bay"
"Menidia beryllina","eats","Cyclopoida",29.741246,-94.827046,,"Dixon, 1974",-13194000000,1653476,1653496,,,"Literature","Literature",,,,,,,,,,,"POLYGON((-94.8055415573 29.7563529421,-94.8373662229 29.7215064705,-94.8465887643999 29.7321732143999,-94.8173632170999 29.7574550349,-94.8093280803 29.759590285))","Trinity Bay"
"Menidia beryllina","eats","Harpacticoida",29.741246,-94.827046,,"Dixon, 1974",-13194000000,1653476,1653494,,,"Literature","Literature",,,,,,,,,,0.2,"POLYGON((-94.8055415573 29.7563529421,-94.8373662229 29.7215064705,-94.8465887643999 29.7321732143999,-94.8173632170999 29.7574550349,-94.8093280803 29.759590285))","Trinity Bay"
"Menidia beryllina","eats","Insecta",29.741246,-94.827046,,"Dixon, 1974",-13194000000,1653476,1653492,,"larval stage","Literature","Literature",,,,,,,,,,0.17,"POLYGON((-94.8055415573 29.7563529421,-94.8373662229 29.7215064705,-94.8465887643999 29.7321732143999,-94.8173632170999 29.7574550349,-94.8093280803 29.759590285))","Trinity Bay"
"Menidia beryllina","eats","Actinopterygii",29.741246,-94.827046,,"Dixon, 1974",-13194000000,1653476,1653490,,,"Literature","Literature",,,,,,,,,,,"POLYGON((-94.8055415573 29.7563529421,-94.8373662229 29.7215064705,-94.8465887643999 29.7321732143999,-94.8173632170999 29.7574550349,-94.8093280803 29.759590285))","Trinity Bay"
"Menidia beryllina","eats","Plantae",29.741246,-94.827046,,"Dixon, 1974",-13194000000,1653476,1653488,,,"Literature","Literature",,,,,,,,,,0.05,"POLYGON((-94.8055415573 29.7563529421,-94.8373662229 29.7215064705,-94.8465887643999 29.7321732143999,-94.8173632170999 29.7574550349,-94.8093280803 29.759590285))","Trinity Bay"
"Menidia beryllina","eats","Animalia",29.741246,-94.827046,,"Dixon, 1974",-13194000000,1653476,1653486,,"egg","Literature","Literature",,,,,,,,,,,"POLYGON((-94.8055415573 29.7563529421,-94.8373662229 29.7215064705,-94.8465887643999 29.7321732143999,-94.8173632170999 29.7574550349,-94.8093280803 29.759590285))","Trinity Bay"
"Menidia beryllina","eats","Acartia tonsa",29.741246,-94.827046,,"Dixon, 1974",-13194000000,1653476,1653484,,,"Literature","Literature",,,,,,,,,,0.37,"POLYGON((-94.8055415573 29.7563529421,-94.8373662229 29.7215064705,-94.8465887643999 29.7321732143999,-94.8173632170999 29.7574550349,-94.8093280803 29.759590285))","Trinity Bay"
"Menidia beryllina","eats","Cirripedia",29.741246,-94.827046,,"Dixon, 1974",-13194000000,1653476,1653482,,"nauplius stage","Literature","Literature",,,,,,,,,,,"POLYGON((-94.8055415573 29.7563529421,-94.8373662229 29.7215064705,-94.8465887643999 29.7321732143999,-94.8173632170999 29.7574550349,-94.8093280803 29.759590285))","Trinity Bay"
"Menidia beryllina","eats","Polychaeta",29.741246,-94.827046,,"Dixon, 1974",-13194000000,1653476,1653480,,,"Literature","Literature",,,,,,,,,,0.51,"POLYGON((-94.8055415573 29.7563529421,-94.8373662229 29.7215064705,-94.8465887643999 29.7321732143999,-94.8173632170999 29.7574550349,-94.8093280803 29.759590285))","Trinity Bay"
"Menidia beryllina","eats","Insecta",29.741246,-94.827046,,"Dixon, 1974",-13194000000,1653476,1653478,,,"Literature","Literature",,,,,,,,,,0.38,"POLYGON((-94.8055415573 29.7563529421,-94.8373662229 29.7215064705,-94.8465887643999 29.7321732143999,-94.8173632170999 29.7574550349,-94.8093280803 29.759590285))","Trinity Bay"
"Menidia beryllina","eats","Arachnida",29.767257,-94.78913,,"Dixon, 1974",-13194000000,1653450,1653474,,,"Literature","Literature",,,,,,,,,,0.07,"POLYGON((-94.7995425799 29.7552287152,-94.8072562583 29.7623739414,-94.7800745011 29.7790989312999,-94.7705838126999 29.7719173406))","Trinity Bay"
"Menidia beryllina","eats","Amphipoda",29.767257,-94.78913,,"Dixon, 1974",-13194000000,1653450,1653472,,,"Literature","Literature",,,,,,,,,,,"POLYGON((-94.7995425799 29.7552287152,-94.8072562583 29.7623739414,-94.7800745011 29.7790989312999,-94.7705838126999 29.7719173406))","Trinity Bay"
"Menidia beryllina","eats","Cyclopoida",29.767257,-94.78913,,"Dixon, 1974",-13194000000,1653450,1653470,,,"Literature","Literature",,,,,,,,,,,"POLYGON((-94.7995425799 29.7552287152,-94.8072562583 29.7623739414,-94.7800745011 29.7790989312999,-94.7705838126999 29.7719173406))","Trinity Bay"
"Menidia beryllina","eats","Harpacticoida",29.767257,-94.78913,,"Dixon, 1974",-13194000000,1653450,1653468,,,"Literature","Literature",,,,,,,,,,,"POLYGON((-94.7995425799 29.7552287152,-94.8072562583 29.7623739414,-94.7800745011 29.7790989312999,-94.7705838126999 29.7719173406))","Trinity Bay"
"Menidia beryllina","eats","Insecta",29.767257,-94.78913,,"Dixon, 1974",-13194000000,1653450,1653466,,"larval stage","Literature","Literature",,,,,,,,,,,"POLYGON((-94.7995425799 29.7552287152,-94.8072562583 29.7623739414,-94.7800745011 29.7790989312999,-94.7705838126999 29.7719173406))","Trinity Bay"
"Menidia beryllina","eats","Actinopterygii",29.767257,-94.78913,,"Dixon, 1974",-13194000000,1653450,1653464,,,"Literature","Literature",,,,,,,,,,,"POLYGON((-94.7995425799 29.7552287152,-94.8072562583 29.7623739414,-94.7800745011 29.7790989312999,-94.7705838126999 29.7719173406))","Trinity Bay"
"Menidia beryllina","eats","Plantae",29.767257,-94.78913,,"Dixon, 1974",-13194000000,1653450,1653462,,,"Literature","Literature",,,,,,,,,,,"POLYGON((-94.7995425799 29.7552287152,-94.8072562583 29.7623739414,-94.7800745011 29.7790989312999,-94.7705838126999 29.7719173406))","Trinity Bay"
"Menidia beryllina","eats","Animalia",29.767257,-94.78913,,"Dixon, 1974",-13194000000,1653450,1653460,,"egg","Literature","Literature",,,,,,,,,,,"POLYGON((-94.7995425799 29.7552287152,-94.8072562583 29.7623739414,-94.7800745011 29.7790989312999,-94.7705838126999 29.7719173406))","Trinity Bay"
"Menidia beryllina","eats","Acartia tonsa",29.767257,-94.78913,,"Dixon, 1974",-13194000000,1653450,1653458,,,"Literature","Literature",,,,,,,,,,0.92,"POLYGON((-94.7995425799 29.7552287152,-94.8072562583 29.7623739414,-94.7800745011 29.7790989312999,-94.7705838126999 29.7719173406))","Trinity Bay"
"Menidia beryllina","eats","Cirripedia",29.767257,-94.78913,,"Dixon, 1974",-13194000000,1653450,1653456,,"nauplius stage","Literature","Literature",,,,,,,,,,,"POLYGON((-94.7995425799 29.7552287152,-94.8072562583 29.7623739414,-94.7800745011 29.7790989312999,-94.7705838126999 29.7719173406))","Trinity Bay"
"Menidia beryllina","eats","Polychaeta",29.767257,-94.78913,,"Dixon, 1974",-13194000000,1653450,1653454,,,"Literature","Literature",,,,,,,,,,,"POLYGON((-94.7995425799 29.7552287152,-94.8072562583 29.7623739414,-94.7800745011 29.7790989312999,-94.7705838126999 29.7719173406))","Trinity Bay"
"Menidia beryllina","eats","Insecta",29.767257,-94.78913,,"Dixon, 1974",-13194000000,1653450,1653452,,,"Literature","Literature",,,,,,,,,,0.69,"POLYGON((-94.7995425799 29.7552287152,-94.8072562583 29.7623739414,-94.7800745011 29.7790989312999,-94.7705838126999 29.7719173406))","Trinity Bay"
"Menidia beryllina","eats","Arachnida",29.696252,-94.945383,,"Dixon, 1974",-13194000000,1653424,1653448,,,"Literature","Literature",,,,,,,,,,0.07,"POLYGON((-94.9392419968 29.6946376179,-94.9485457204 29.6914047902999,-94.9515233897 29.6973126345,-94.942649711 29.7014686300999))","Tabbs Bay"
"Menidia beryllina","eats","Amphipoda",29.696252,-94.945383,,"Dixon, 1974",-13194000000,1653424,1653446,,,"Literature","Literature",,,,,,,,,,,"POLYGON((-94.9392419968 29.6946376179,-94.9485457204 29.6914047902999,-94.9515233897 29.6973126345,-94.942649711 29.7014686300999))","Tabbs Bay"
"Menidia beryllina","eats","Cyclopoida",29.696252,-94.945383,,"Dixon, 1974",-13194000000,1653424,1653444,,,"Literature","Literature",,,,,,,,,,,"POLYGON((-94.9392419968 29.6946376179,-94.9485457204 29.6914047902999,-94.9515233897 29.6973126345,-94.942649711 29.7014686300999))","Tabbs Bay"
"Menidia beryllina","eats","Harpacticoida",29.696252,-94.945383,,"Dixon, 1974",-13194000000,1653424,1653442,,,"Literature","Literature",,,,,,,,,,,"POLYGON((-94.9392419968 29.6946376179,-94.9485457204 29.6914047902999,-94.9515233897 29.6973126345,-94.942649711 29.7014686300999))","Tabbs Bay"
"Menidia beryllina","eats","Insecta",29.696252,-94.945383,,"Dixon, 1974",-13194000000,1653424,1653440,,"larval stage","Literature","Literature",,,,,,,,,,,"POLYGON((-94.9392419968 29.6946376179,-94.9485457204 29.6914047902999,-94.9515233897 29.6973126345,-94.942649711 29.7014686300999))","Tabbs Bay"
"Menidia beryllina","eats","Actinopterygii",29.696252,-94.945383,,"Dixon, 1974",-13194000000,1653424,1653438,,,"Literature","Literature",,,,,,,,,,,"POLYGON((-94.9392419968 29.6946376179,-94.9485457204 29.6914047902999,-94.9515233897 29.6973126345,-94.942649711 29.7014686300999))","Tabbs Bay"
"Menidia beryllina","eats","Plantae",29.696252,-94.945383,,"Dixon, 1974",-13194000000,1653424,1653436,,,"Literature","Literature",,,,,,,,,,,"POLYGON((-94.9392419968 29.6946376179,-94.9485457204 29.6914047902999,-94.9515233897 29.6973126345,-94.942649711 29.7014686300999))","Tabbs Bay"
"Menidia beryllina","eats","Animalia",29.696252,-94.945383,,"Dixon, 1974",-13194000000,1653424,1653434,,"egg","Literature","Literature",,,,,,,,,,,"POLYGON((-94.9392419968 29.6946376179,-94.9485457204 29.6914047902999,-94.9515233897 29.6973126345,-94.942649711 29.7014686300999))","Tabbs Bay"
"Menidia beryllina","eats","Acartia tonsa",29.696252,-94.945383,,"Dixon, 1974",-13194000000,1653424,1653432,,,"Literature","Literature",,,,,,,,,,0.92,"POLYGON((-94.9392419968 29.6946376179,-94.9485457204 29.6914047902999,-94.9515233897 29.6973126345,-94.942649711 29.7014686300999))","Tabbs Bay"
"Menidia beryllina","eats","Cirripedia",29.696252,-94.945383,,"Dixon, 1974",-13194000000,1653424,1653430,,"nauplius stage","Literature","Literature",,,,,,,,,,,"POLYGON((-94.9392419968 29.6946376179,-94.9485457204 29.6914047902999,-94.9515233897 29.6973126345,-94.942649711 29.7014686300999))","Tabbs Bay"
"Menidia beryllina","eats","Polychaeta",29.696252,-94.945383,,"Dixon, 1974",-13194000000,1653424,1653428,,,"Literature","Literature",,,,,,,,,,,"POLYGON((-94.9392419968 29.6946376179,-94.9485457204 29.6914047902999,-94.9515233897 29.6973126345,-94.942649711 29.7014686300999))","Tabbs Bay"
"Menidia beryllina","eats","Insecta",29.696252,-94.945383,,"Dixon, 1974",-13194000000,1653424,1653426,,,"Literature","Literature",,,,,,,,,,0.69,"POLYGON((-94.9392419968 29.6946376179,-94.9485457204 29.6914047902999,-94.9515233897 29.6973126345,-94.942649711 29.7014686300999))","Tabbs Bay"
"Menidia beryllina","eats","Arachnida",29.741246,-94.827046,,"Dixon, 1974",-13194000000,1653398,1653422,,,"Literature","Literature",,,,,,,,,,0.07,"POLYGON((-94.8055415573 29.7563529421,-94.8373662229 29.7215064705,-94.8465887643999 29.7321732143999,-94.8173632170999 29.7574550349,-94.8093280803 29.759590285))","Trinity Bay"
"Menidia beryllina","eats","Amphipoda",29.741246,-94.827046,,"Dixon, 1974",-13194000000,1653398,1653420,,,"Literature","Literature",,,,,,,,,,,"POLYGON((-94.8055415573 29.7563529421,-94.8373662229 29.7215064705,-94.8465887643999 29.7321732143999,-94.8173632170999 29.7574550349,-94.8093280803 29.759590285))","Trinity Bay"
"Menidia beryllina","eats","Cyclopoida",29.741246,-94.827046,,"Dixon, 1974",-13194000000,1653398,1653418,,,"Literature","Literature",,,,,,,,,,,"POLYGON((-94.8055415573 29.7563529421,-94.8373662229 29.7215064705,-94.8465887643999 29.7321732143999,-94.8173632170999 29.7574550349,-94.8093280803 29.759590285))","Trinity Bay"
"Menidia beryllina","eats","Harpacticoida",29.741246,-94.827046,,"Dixon, 1974",-13194000000,1653398,1653416,,,"Literature","Literature",,,,,,,,,,,"POLYGON((-94.8055415573 29.7563529421,-94.8373662229 29.7215064705,-94.8465887643999 29.7321732143999,-94.8173632170999 29.7574550349,-94.8093280803 29.759590285))","Trinity Bay"
"Menidia beryllina","eats","Insecta",29.741246,-94.827046,,"Dixon, 1974",-13194000000,1653398,1653414,,"larval stage","Literature","Literature",,,,,,,,,,,"POLYGON((-94.8055415573 29.7563529421,-94.8373662229 29.7215064705,-94.8465887643999 29.7321732143999,-94.8173632170999 29.7574550349,-94.8093280803 29.759590285))","Trinity Bay"
"Menidia beryllina","eats","Actinopterygii",29.741246,-94.827046,,"Dixon, 1974",-13194000000,1653398,1653412,,,"Literature","Literature",,,,,,,,,,,"POLYGON((-94.8055415573 29.7563529421,-94.8373662229 29.7215064705,-94.8465887643999 29.7321732143999,-94.8173632170999 29.7574550349,-94.8093280803 29.759590285))","Trinity Bay"
"Menidia beryllina","eats","Plantae",29.741246,-94.827046,,"Dixon, 1974",-13194000000,1653398,1653410,,,"Literature","Literature",,,,,,,,,,,"POLYGON((-94.8055415573 29.7563529421,-94.8373662229 29.7215064705,-94.8465887643999 29.7321732143999,-94.8173632170999 29.7574550349,-94.8093280803 29.759590285))","Trinity Bay"
"Menidia beryllina","eats","Animalia",29.741246,-94.827046,,"Dixon, 1974",-13194000000,1653398,1653408,,"egg","Literature","Literature",,,,,,,,,,,"POLYGON((-94.8055415573 29.7563529421,-94.8373662229 29.7215064705,-94.8465887643999 29.7321732143999,-94.8173632170999 29.7574550349,-94.8093280803 29.759590285))","Trinity Bay"
"Menidia beryllina","eats","Acartia tonsa",29.741246,-94.827046,,"Dixon, 1974",-13194000000,1653398,1653406,,,"Literature","Literature",,,,,,,,,,0.92,"POLYGON((-94.8055415573 29.7563529421,-94.8373662229 29.7215064705,-94.8465887643999 29.7321732143999,-94.8173632170999 29.7574550349,-94.8093280803 29.759590285))","Trinity Bay"
"Menidia beryllina","eats","Cirripedia",29.741246,-94.827046,,"Dixon, 1974",-13194000000,1653398,1653404,,"nauplius stage","Literature","Literature",,,,,,,,,,,"POLYGON((-94.8055415573 29.7563529421,-94.8373662229 29.7215064705,-94.8465887643999 29.7321732143999,-94.8173632170999 29.7574550349,-94.8093280803 29.759590285))","Trinity Bay"
"Menidia beryllina","eats","Polychaeta",29.741246,-94.827046,,"Dixon, 1974",-13194000000,1653398,1653402,,,"Literature","Literature",,,,,,,,,,,"POLYGON((-94.8055415573 29.7563529421,-94.8373662229 29.7215064705,-94.8465887643999 29.7321732143999,-94.8173632170999 29.7574550349,-94.8093280803 29.759590285))","Trinity Bay"
"Menidia beryllina","eats","Insecta",29.741246,-94.827046,,"Dixon, 1974",-13194000000,1653398,1653400,,,"Literature","Literature",,,,,,,,,,0.69,"POLYGON((-94.8055415573 29.7563529421,-94.8373662229 29.7215064705,-94.8465887643999 29.7321732143999,-94.8173632170999 29.7574550349,-94.8093280803 29.759590285))","Trinity Bay"
"Menidia beryllina","eats","Arachnida",29.767257,-94.78913,,"Dixon, 1974",-13194000000,1653372,1653396,,,"Literature","Literature",,,,,,,,,,,"POLYGON((-94.7995425799 29.7552287152,-94.8072562583 29.7623739414,-94.7800745011 29.7790989312999,-94.7705838126999 29.7719173406))","Trinity Bay"
"Menidia beryllina","eats","Amphipoda",29.767257,-94.78913,,"Dixon, 1974",-13194000000,1653372,1653394,,,"Literature","Literature",,,,,,,,,,0.02,"POLYGON((-94.7995425799 29.7552287152,-94.8072562583 29.7623739414,-94.7800745011 29.7790989312999,-94.7705838126999 29.7719173406))","Trinity Bay"
"Menidia beryllina","eats","Cyclopoida",29.767257,-94.78913,,"Dixon, 1974",-13194000000,1653372,1653392,,,"Literature","Literature",,,,,,,,,,,"POLYGON((-94.7995425799 29.7552287152,-94.8072562583 29.7623739414,-94.7800745011 29.7790989312999,-94.7705838126999 29.7719173406))","Trinity Bay"
"Menidia beryllina","eats","Harpacticoida",29.767257,-94.78913,,"Dixon, 1974",-13194000000,1653372,1653390,,,"Literature","Literature",,,,,,,,,,0.11,"POLYGON((-94.7995425799 29.7552287152,-94.8072562583 29.7623739414,-94.7800745011 29.7790989312999,-94.7705838126999 29.7719173406))","Trinity Bay"
"Menidia beryllina","eats","Insecta",29.767257,-94.78913,,"Dixon, 1974",-13194000000,1653372,1653388,,"larval stage","Literature","Literature",,,,,,,,,,,"POLYGON((-94.7995425799 29.7552287152,-94.8072562583 29.7623739414,-94.7800745011 29.7790989312999,-94.7705838126999 29.7719173406))","Trinity Bay"
"Menidia beryllina","eats","Actinopterygii",29.767257,-94.78913,,"Dixon, 1974",-13194000000,1653372,1653386,,,"Literature","Literature",,,,,,,,,,,"POLYGON((-94.7995425799 29.7552287152,-94.8072562583 29.7623739414,-94.7800745011 29.7790989312999,-94.7705838126999 29.7719173406))","Trinity Bay"
"Menidia beryllina","eats","Plantae",29.767257,-94.78913,,"Dixon, 1974",-13194000000,1653372,1653384,,,"Literature","Literature",,,,,,,,,,0.11,"POLYGON((-94.7995425799 29.7552287152,-94.8072562583 29.7623739414,-94.7800745011 29.7790989312999,-94.7705838126999 29.7719173406))","Trinity Bay"
"Menidia beryllina","eats","Animalia",29.767257,-94.78913,,"Dixon, 1974",-13194000000,1653372,1653382,,"egg","Literature","Literature",,,,,,,,,,0.03,"POLYGON((-94.7995425799 29.7552287152,-94.8072562583 29.7623739414,-94.7800745011 29.7790989312999,-94.7705838126999 29.7719173406))","Trinity Bay"
"Menidia beryllina","eats","Acartia tonsa",29.767257,-94.78913,,"Dixon, 1974",-13194000000,1653372,1653380,,,"Literature","Literature",,,,,,,,,,,"POLYGON((-94.7995425799 29.7552287152,-94.8072562583 29.7623739414,-94.7800745011 29.7790989312999,-94.7705838126999 29.7719173406))","Trinity Bay"
"Menidia beryllina","eats","Cirripedia",29.767257,-94.78913,,"Dixon, 1974",-13194000000,1653372,1653378,,"nauplius stage","Literature","Literature",,,,,,,,,,0.04,"POLYGON((-94.7995425799 29.7552287152,-94.8072562583 29.7623739414,-94.7800745011 29.7790989312999,-94.7705838126999 29.7719173406))","Trinity Bay"
"Menidia beryllina","eats","Polychaeta",29.767257,-94.78913,,"Dixon, 1974",-13194000000,1653372,1653376,,,"Literature","Literature",,,,,,,,,,1.0,"POLYGON((-94.7995425799 29.7552287152,-94.8072562583 29.7623739414,-94.7800745011 29.7790989312999,-94.7705838126999 29.7719173406))","Trinity Bay"
"Menidia beryllina","eats","Insecta",29.767257,-94.78913,,"Dixon, 1974",-13194000000,1653372,1653374,,,"Literature","Literature",,,,,,,,,,0.5,"POLYGON((-94.7995425799 29.7552287152,-94.8072562583 29.7623739414,-94.7800745011 29.7790989312999,-94.7705838126999 29.7719173406))","Trinity Bay"
"Menidia beryllina","eats","Arachnida",29.767257,-94.78913,,"Dixon, 1974",-13194000000,1653062,1653084,,,"Literature","Literature",,,,,,,,,,,"POLYGON((-94.7995425799 29.7552287152,-94.8072562583 29.7623739414,-94.7800745011 29.7790989312999,-94.7705838126999 29.7719173406))","Trinity Bay"
"Menidia beryllina","eats","Amphipoda",29.767257,-94.78913,,"Dixon, 1974",-13194000000,1653062,1653082,,,"Literature","Literature",,,,,,,,,,,"POLYGON((-94.7995425799 29.7552287152,-94.8072562583 29.7623739414,-94.7800745011 29.7790989312999,-94.7705838126999 29.7719173406))","Trinity Bay"
"Menidia beryllina","eats","Cyclopoida",29.767257,-94.78913,,"Dixon, 1974",-13194000000,1653062,1653080,,,"Literature","Literature",,,,,,,,,,,"POLYGON((-94.7995425799 29.7552287152,-94.8072562583 29.7623739414,-94.7800745011 29.7790989312999,-94.7705838126999 29.7719173406))","Trinity Bay"
"Menidia beryllina","eats","Harpacticoida",29.767257,-94.78913,,"Dixon, 1974",-13194000000,1653062,1653078,,,"Literature","Literature",,,,,,,,,,0.2,"POLYGON((-94.7995425799 29.7552287152,-94.8072562583 29.7623739414,-94.7800745011 29.7790989312999,-94.7705838126999 29.7719173406))","Trinity Bay"
"Menidia beryllina","eats","Insecta",29.767257,-94.78913,,"Dixon, 1974",-13194000000,1653062,1653076,,"larval stage","Literature","Literature",,,,,,,,,,,"POLYGON((-94.7995425799 29.7552287152,-94.8072562583 29.7623739414,-94.7800745011 29.7790989312999,-94.7705838126999 29.7719173406))","Trinity Bay"
"Menidia beryllina","eats","Actinopterygii",29.767257,-94.78913,,"Dixon, 1974",-13194000000,1653062,1653074,,,"Literature","Literature",,,,,,,,,,,"POLYGON((-94.7995425799 29.7552287152,-94.8072562583 29.7623739414,-94.7800745011 29.7790989312999,-94.7705838126999 29.7719173406))","Trinity Bay"
"Menidia beryllina","eats","Plantae",29.767257,-94.78913,,"Dixon, 1974",-13194000000,1653062,1653072,,,"Literature","Literature",,,,,,,,,,,"POLYGON((-94.7995425799 29.7552287152,-94.8072562583 29.7623739414,-94.7800745011 29.7790989312999,-94.7705838126999 29.7719173406))","Trinity Bay"
"Menidia beryllina","eats","Animalia",29.767257,-94.78913,,"Dixon, 1974",-13194000000,1653062,1653070,,"egg","Literature","Literature",,,,,,,,,,,"POLYGON((-94.7995425799 29.7552287152,-94.8072562583 29.7623739414,-94.7800745011 29.7790989312999,-94.7705838126999 29.7719173406))","Trinity Bay"
"Menidia beryllina","eats","Acartia tonsa",29.767257,-94.78913,,"Dixon, 1974",-13194000000,1653062,1653068,,,"Literature","Literature",,,,,,,,,,1.0,"POLYGON((-94.7995425799 29.7552287152,-94.8072562583 29.7623739414,-94.7800745011 29.7790989312999,-94.7705838126999 29.7719173406))","Trinity Bay"
"Menidia beryllina","eats","Cirripedia",29.767257,-94.78913,,"Dixon, 1974",-13194000000,1653062,1653066,,"nauplius stage","Literature","Literature",,,,,,,,,,,"POLYGON((-94.7995425799 29.7552287152,-94.8072562583 29.7623739414,-94.7800745011 29.7790989312999,-94.7705838126999 29.7719173406))","Trinity Bay"
"Menidia beryllina","eats","Polychaeta",29.767257,-94.78913,,"Dixon, 1974",-13194000000,1653062,1653064,,,"Literature","Literature",,,,,,,,,,,"POLYGON((-94.7995425799 29.7552287152,-94.8072562583 29.7623739414,-94.7800745011 29.7790989312999,-94.7705838126999 29.7719173406))","Trinity Bay"
"Menidia beryllina","eats","Arachnida",29.741246,-94.827046,,"Dixon, 1974",-13194000000,1653086,1653110,,,"Literature","Literature",,,,,,,,,,,"POLYGON((-94.8055415573 29.7563529421,-94.8373662229 29.7215064705,-94.8465887643999 29.7321732143999,-94.8173632170999 29.7574550349,-94.8093280803 29.759590285))","Trinity Bay"
"Menidia beryllina","eats","Amphipoda",29.741246,-94.827046,,"Dixon, 1974",-13194000000,1653086,1653108,,,"Literature","Literature",,,,,,,,,,,"POLYGON((-94.8055415573 29.7563529421,-94.8373662229 29.7215064705,-94.8465887643999 29.7321732143999,-94.8173632170999 29.7574550349,-94.8093280803 29.759590285))","Trinity Bay"
"Menidia beryllina","eats","Cyclopoida",29.741246,-94.827046,,"Dixon, 1974",-13194000000,1653086,1653106,,,"Literature","Literature",,,,,,,,,,0.13,"POLYGON((-94.8055415573 29.7563529421,-94.8373662229 29.7215064705,-94.8465887643999 29.7321732143999,-94.8173632170999 29.7574550349,-94.8093280803 29.759590285))","Trinity Bay"
"Menidia beryllina","eats","Harpacticoida",29.741246,-94.827046,,"Dixon, 1974",-13194000000,1653086,1653104,,,"Literature","Literature",,,,,,,,,,,"POLYGON((-94.8055415573 29.7563529421,-94.8373662229 29.7215064705,-94.8465887643999 29.7321732143999,-94.8173632170999 29.7574550349,-94.8093280803 29.759590285))","Trinity Bay"
"Menidia beryllina","eats","Insecta",29.741246,-94.827046,,"Dixon, 1974",-13194000000,1653086,1653102,,"larval stage","Literature","Literature",,,,,,,,,,0.12,"POLYGON((-94.8055415573 29.7563529421,-94.8373662229 29.7215064705,-94.8465887643999 29.7321732143999,-94.8173632170999 29.7574550349,-94.8093280803 29.759590285))","Trinity Bay"
"Menidia beryllina","eats","Actinopterygii",29.741246,-94.827046,,"Dixon, 1974",-13194000000,1653086,1653100,,,"Literature","Literature",,,,,,,,,,,"POLYGON((-94.8055415573 29.7563529421,-94.8373662229 29.7215064705,-94.8465887643999 29.7321732143999,-94.8173632170999 29.7574550349,-94.8093280803 29.759590285))","Trinity Bay"
"Menidia beryllina","eats","Plantae",29.741246,-94.827046,,"Dixon, 1974",-13194000000,1653086,1653098,,,"Literature","Literature",,,,,,,,,,0.18,"POLYGON((-94.8055415573 29.7563529421,-94.8373662229 29.7215064705,-94.8465887643999 29.7321732143999,-94.8173632170999 29.7574550349,-94.8093280803 29.759590285))","Trinity Bay"
"Menidia beryllina","eats","Animalia",29.741246,-94.827046,,"Dixon, 1974",-13194000000,1653086,1653096,,"egg","Literature","Literature",,,,,,,,,,,"POLYGON((-94.8055415573 29.7563529421,-94.8373662229 29.7215064705,-94.8465887643999 29.7321732143999,-94.8173632170999 29.7574550349,-94.8093280803 29.759590285))","Trinity Bay"
"Menidia beryllina","eats","Acartia tonsa",29.741246,-94.827046,,"Dixon, 1974",-13194000000,1653086,1653094,,,"Literature","Literature",,,,,,,,,,0.63,"POLYGON((-94.8055415573 29.7563529421,-94.8373662229 29.7215064705,-94.8465887643999 29.7321732143999,-94.8173632170999 29.7574550349,-94.8093280803 29.759590285))","Trinity Bay"
"Menidia beryllina","eats","Cirripedia",29.741246,-94.827046,,"Dixon, 1974",-13194000000,1653086,1653092,,"nauplius stage","Literature","Literature",,,,,,,,,,0.61,"POLYGON((-94.8055415573 29.7563529421,-94.8373662229 29.7215064705,-94.8465887643999 29.7321732143999,-94.8173632170999 29.7574550349,-94.8093280803 29.759590285))","Trinity Bay"
"Menidia beryllina","eats","Polychaeta",29.741246,-94.827046,,"Dixon, 1974",-13194000000,1653086,1653090,,,"Literature","Literature",,,,,,,,,,,"POLYGON((-94.8055415573 29.7563529421,-94.8373662229 29.7215064705,-94.8465887643999 29.7321732143999,-94.8173632170999 29.7574550349,-94.8093280803 29.759590285))","Trinity Bay"
"Menidia beryllina","eats","Insecta",29.741246,-94.827046,,"Dixon, 1974",-13194000000,1653086,1653088,,,"Literature","Literature",,,,,,,,,,0.28,"POLYGON((-94.8055415573 29.7563529421,-94.8373662229 29.7215064705,-94.8465887643999 29.7321732143999,-94.8173632170999 29.7574550349,-94.8093280803 29.759590285))","Trinity Bay"
"Menidia beryllina","eats","Arachnida",29.696252,-94.945383,,"Dixon, 1974",-13194000000,1653112,1653136,,,"Literature","Literature",,,,,,,,,,,"POLYGON((-94.9392419968 29.6946376179,-94.9485457204 29.6914047902999,-94.9515233897 29.6973126345,-94.942649711 29.7014686300999))","Tabbs Bay"
"Menidia beryllina","eats","Amphipoda",29.696252,-94.945383,,"Dixon, 1974",-13194000000,1653112,1653134,,,"Literature","Literature",,,,,,,,,,,"POLYGON((-94.9392419968 29.6946376179,-94.9485457204 29.6914047902999,-94.9515233897 29.6973126345,-94.942649711 29.7014686300999))","Tabbs Bay"
"Menidia beryllina","eats","Cyclopoida",29.696252,-94.945383,,"Dixon, 1974",-13194000000,1653112,1653132,,,"Literature","Literature",,,,,,,,,,0.13,"POLYGON((-94.9392419968 29.6946376179,-94.9485457204 29.6914047902999,-94.9515233897 29.6973126345,-94.942649711 29.7014686300999))","Tabbs Bay"
"Menidia beryllina","eats","Harpacticoida",29.696252,-94.945383,,"Dixon, 1974",-13194000000,1653112,1653130,,,"Literature","Literature",,,,,,,,,,,"POLYGON((-94.9392419968 29.6946376179,-94.9485457204 29.6914047902999,-94.9515233897 29.6973126345,-94.942649711 29.7014686300999))","Tabbs Bay"
"Menidia beryllina","eats","Insecta",29.696252,-94.945383,,"Dixon, 1974",-13194000000,1653112,1653128,,"larval stage","Literature","Literature",,,,,,,,,,0.12,"POLYGON((-94.9392419968 29.6946376179,-94.9485457204 29.6914047902999,-94.9515233897 29.6973126345,-94.942649711 29.7014686300999))","Tabbs Bay"
"Menidia beryllina","eats","Actinopterygii",29.696252,-94.945383,,"Dixon, 1974",-13194000000,1653112,1653126,,,"Literature","Literature",,,,,,,,,,,"POLYGON((-94.9392419968 29.6946376179,-94.9485457204 29.6914047902999,-94.9515233897 29.6973126345,-94.942649711 29.7014686300999))","Tabbs Bay"
"Menidia beryllina","eats","Plantae",29.696252,-94.945383,,"Dixon, 1974",-13194000000,1653112,1653124,,,"Literature","Literature",,,,,,,,,,0.18,"POLYGON((-94.9392419968 29.6946376179,-94.9485457204 29.6914047902999,-94.9515233897 29.6973126345,-94.942649711 29.7014686300999))","Tabbs Bay"
"Menidia beryllina","eats","Animalia",29.696252,-94.945383,,"Dixon, 1974",-13194000000,1653112,1653122,,"egg","Literature","Literature",,,,,,,,,,,"POLYGON((-94.9392419968 29.6946376179,-94.9485457204 29.6914047902999,-94.9515233897 29.6973126345,-94.942649711 29.7014686300999))","Tabbs Bay"
"Menidia beryllina","eats","Acartia tonsa",29.696252,-94.945383,,"Dixon, 1974",-13194000000,1653112,1653120,,,"Literature","Literature",,,,,,,,,,0.63,"POLYGON((-94.9392419968 29.6946376179,-94.9485457204 29.6914047902999,-94.9515233897 29.6973126345,-94.942649711 29.7014686300999))","Tabbs Bay"
"Menidia beryllina","eats","Cirripedia",29.696252,-94.945383,,"Dixon, 1974",-13194000000,1653112,1653118,,"nauplius stage","Literature","Literature",,,,,,,,,,0.61,"POLYGON((-94.9392419968 29.6946376179,-94.9485457204 29.6914047902999,-94.9515233897 29.6973126345,-94.942649711 29.7014686300999))","Tabbs Bay"
"Menidia beryllina","eats","Polychaeta",29.696252,-94.945383,,"Dixon, 1974",-13194000000,1653112,1653116,,,"Literature","Literature",,,,,,,,,,,"POLYGON((-94.9392419968 29.6946376179,-94.9485457204 29.6914047902999,-94.9515233897 29.6973126345,-94.942649711 29.7014686300999))","Tabbs Bay"
"Menidia beryllina","eats","Insecta",29.696252,-94.945383,,"Dixon, 1974",-13194000000,1653112,1653114,,,"Literature","Literature",,,,,,,,,,0.28,"POLYGON((-94.9392419968 29.6946376179,-94.9485457204 29.6914047902999,-94.9515233897 29.6973126345,-94.942649711 29.7014686300999))","Tabbs Bay"
"Menidia beryllina","eats","Arachnida",29.767257,-94.78913,,"Dixon, 1974",-13194000000,1652988,1653012,,,"Literature","Literature",,,,,,,,,,0.1,"POLYGON((-94.7995425799 29.7552287152,-94.8072562583 29.7623739414,-94.7800745011 29.7790989312999,-94.7705838126999 29.7719173406))","Trinity Bay"
"Menidia beryllina","eats","Amphipoda",29.767257,-94.78913,,"Dixon, 1974",-13194000000,1652988,1653010,,,"Literature","Literature",,,,,,,,,,,"POLYGON((-94.7995425799 29.7552287152,-94.8072562583 29.7623739414,-94.7800745011 29.7790989312999,-94.7705838126999 29.7719173406))","Trinity Bay"
"Menidia beryllina","eats","Cyclopoida",29.767257,-94.78913,,"Dixon, 1974",-13194000000,1652988,1653008,,,"Literature","Literature",,,,,,,,,,0.08,"POLYGON((-94.7995425799 29.7552287152,-94.8072562583 29.7623739414,-94.7800745011 29.7790989312999,-94.7705838126999 29.7719173406))","Trinity Bay"
"Menidia beryllina","eats","Harpacticoida",29.767257,-94.78913,,"Dixon, 1974",-13194000000,1652988,1653006,,,"Literature","Literature",,,,,,,,,,0.4,"POLYGON((-94.7995425799 29.7552287152,-94.8072562583 29.7623739414,-94.7800745011 29.7790989312999,-94.7705838126999 29.7719173406))","Trinity Bay"
"Menidia beryllina","eats","Insecta",29.767257,-94.78913,,"Dixon, 1974",-13194000000,1652988,1653004,,"larval stage","Literature","Literature",,,,,,,,,,0.07,"POLYGON((-94.7995425799 29.7552287152,-94.8072562583 29.7623739414,-94.7800745011 29.7790989312999,-94.7705838126999 29.7719173406))","Trinity Bay"
"Menidia beryllina","eats","Actinopterygii",29.767257,-94.78913,,"Dixon, 1974",-13194000000,1652988,1653002,,,"Literature","Literature",,,,,,,,,,,"POLYGON((-94.7995425799 29.7552287152,-94.8072562583 29.7623739414,-94.7800745011 29.7790989312999,-94.7705838126999 29.7719173406))","Trinity Bay"
"Menidia beryllina","eats","Plantae",29.767257,-94.78913,,"Dixon, 1974",-13194000000,1652988,1653000,,,"Literature","Literature",,,,,,,,,,0.28,"POLYGON((-94.7995425799 29.7552287152,-94.8072562583 29.7623739414,-94.7800745011 29.7790989312999,-94.7705838126999 29.7719173406))","Trinity Bay"
"Menidia beryllina","eats","Animalia",29.767257,-94.78913,,"Dixon, 1974",-13194000000,1652988,1652998,,"egg","Literature","Literature",,,,,,,,,,0.18,"POLYGON((-94.7995425799 29.7552287152,-94.8072562583 29.7623739414,-94.7800745011 29.7790989312999,-94.7705838126999 29.7719173406))","Trinity Bay"
"Menidia beryllina","eats","Acartia tonsa",29.767257,-94.78913,,"Dixon, 1974",-13194000000,1652988,1652996,,,"Literature","Literature",,,,,,,,,,0.65,"POLYGON((-94.7995425799 29.7552287152,-94.8072562583 29.7623739414,-94.7800745011 29.7790989312999,-94.7705838126999 29.7719173406))","Trinity Bay"
"Menidia beryllina","eats","Cirripedia",29.767257,-94.78913,,"Dixon, 1974",-13194000000,1652988,1652994,,"nauplius stage","Literature","Literature",,,,,,,,,,0.35,"POLYGON((-94.7995425799 29.7552287152,-94.8072562583 29.7623739414,-94.7800745011 29.7790989312999,-94.7705838126999 29.7719173406))","Trinity Bay"
"Menidia beryllina","eats","Polychaeta",29.767257,-94.78913,,"Dixon, 1974",-13194000000,1652988,1652992,,,"Literature","Literature",,,,,,,,,,0.2,"POLYGON((-94.7995425799 29.7552287152,-94.8072562583 29.7623739414,-94.7800745011 29.7790989312999,-94.7705838126999 29.7719173406))","Trinity Bay"
"Menidia beryllina","eats","Insecta",29.767257,-94.78913,,"Dixon, 1974",-13194000000,1652988,1652990,,,"Literature","Literature",,,,,,,,,,0.41,"POLYGON((-94.7995425799 29.7552287152,-94.8072562583 29.7623739414,-94.7800745011 29.7790989312999,-94.7705838126999 29.7719173406))","Trinity Bay"
"Menidia beryllina","eats","Arachnida",29.741246,-94.827046,,"Dixon, 1974",-13194000000,1653014,1653036,,,"Literature","Literature",,,,,,,,,,,"POLYGON((-94.8055415573 29.7563529421,-94.8373662229 29.7215064705,-94.8465887643999 29.7321732143999,-94.8173632170999 29.7574550349,-94.8093280803 29.759590285))","Trinity Bay"
"Menidia beryllina","eats","Amphipoda",29.741246,-94.827046,,"Dixon, 1974",-13194000000,1653014,1653034,,,"Literature","Literature",,,,,,,,,,,"POLYGON((-94.8055415573 29.7563529421,-94.8373662229 29.7215064705,-94.8465887643999 29.7321732143999,-94.8173632170999 29.7574550349,-94.8093280803 29.759590285))","Trinity Bay"
"Menidia beryllina","eats","Cyclopoida",29.741246,-94.827046,,"Dixon, 1974",-13194000000,1653014,1653032,,,"Literature","Literature",,,,,,,,,,,"POLYGON((-94.8055415573 29.7563529421,-94.8373662229 29.7215064705,-94.8465887643999 29.7321732143999,-94.8173632170999 29.7574550349,-94.8093280803 29.759590285))","Trinity Bay"
"Menidia beryllina","eats","Harpacticoida",29.741246,-94.827046,,"Dixon, 1974",-13194000000,1653014,1653030,,,"Literature","Literature",,,,,,,,,,0.2,"POLYGON((-94.8055415573 29.7563529421,-94.8373662229 29.7215064705,-94.8465887643999 29.7321732143999,-94.8173632170999 29.7574550349,-94.8093280803 29.759590285))","Trinity Bay"
"Menidia beryllina","eats","Insecta",29.741246,-94.827046,,"Dixon, 1974",-13194000000,1653014,1653028,,"larval stage","Literature","Literature",,,,,,,,,,,"POLYGON((-94.8055415573 29.7563529421,-94.8373662229 29.7215064705,-94.8465887643999 29.7321732143999,-94.8173632170999 29.7574550349,-94.8093280803 29.759590285))","Trinity Bay"
"Menidia beryllina","eats","Actinopterygii",29.741246,-94.827046,,"Dixon, 1974",-13194000000,1653014,1653026,,,"Literature","Literature",,,,,,,,,,,"POLYGON((-94.8055415573 29.7563529421,-94.8373662229 29.7215064705,-94.8465887643999 29.7321732143999,-94.8173632170999 29.7574550349,-94.8093280803 29.759590285))","Trinity Bay"
"Menidia beryllina","eats","Plantae",29.741246,-94.827046,,"Dixon, 1974",-13194000000,1653014,1653024,,,"Literature","Literature",,,,,,,,,,,"POLYGON((-94.8055415573 29.7563529421,-94.8373662229 29.7215064705,-94.8465887643999 29.7321732143999,-94.8173632170999 29.7574550349,-94.8093280803 29.759590285))","Trinity Bay"
"Menidia beryllina","eats","Animalia",29.741246,-94.827046,,"Dixon, 1974",-13194000000,1653014,1653022,,"egg","Literature","Literature",,,,,,,,,,,"POLYGON((-94.8055415573 29.7563529421,-94.8373662229 29.7215064705,-94.8465887643999 29.7321732143999,-94.8173632170999 29.7574550349,-94.8093280803 29.759590285))","Trinity Bay"
"Menidia beryllina","eats","Acartia tonsa",29.741246,-94.827046,,"Dixon, 1974",-13194000000,1653014,1653020,,,"Literature","Literature",,,,,,,,,,1.0,"POLYGON((-94.8055415573 29.7563529421,-94.8373662229 29.7215064705,-94.8465887643999 29.7321732143999,-94.8173632170999 29.7574550349,-94.8093280803 29.759590285))","Trinity Bay"
"Menidia beryllina","eats","Cirripedia",29.741246,-94.827046,,"Dixon, 1974",-13194000000,1653014,1653018,,"nauplius stage","Literature","Literature",,,,,,,,,,,"POLYGON((-94.8055415573 29.7563529421,-94.8373662229 29.7215064705,-94.8465887643999 29.7321732143999,-94.8173632170999 29.7574550349,-94.8093280803 29.759590285))","Trinity Bay"
"Menidia beryllina","eats","Polychaeta",29.741246,-94.827046,,"Dixon, 1974",-13194000000,1653014,1653016,,,"Literature","Literature",,,,,,,,,,,"POLYGON((-94.8055415573 29.7563529421,-94.8373662229 29.7215064705,-94.8465887643999 29.7321732143999,-94.8173632170999 29.7574550349,-94.8093280803 29.759590285))","Trinity Bay"
"Menidia beryllina","eats","Arachnida",29.696252,-94.945383,,"Dixon, 1974",-13194000000,1653038,1653060,,,"Literature","Literature",,,,,,,,,,,"POLYGON((-94.9392419968 29.6946376179,-94.9485457204 29.6914047902999,-94.9515233897 29.6973126345,-94.942649711 29.7014686300999))","Tabbs Bay"
"Menidia beryllina","eats","Amphipoda",29.696252,-94.945383,,"Dixon, 1974",-13194000000,1653038,1653058,,,"Literature","Literature",,,,,,,,,,,"POLYGON((-94.9392419968 29.6946376179,-94.9485457204 29.6914047902999,-94.9515233897 29.6973126345,-94.942649711 29.7014686300999))","Tabbs Bay"
"Menidia beryllina","eats","Cyclopoida",29.696252,-94.945383,,"Dixon, 1974",-13194000000,1653038,1653056,,,"Literature","Literature",,,,,,,,,,,"POLYGON((-94.9392419968 29.6946376179,-94.9485457204 29.6914047902999,-94.9515233897 29.6973126345,-94.942649711 29.7014686300999))","Tabbs Bay"
"Menidia beryllina","eats","Harpacticoida",29.696252,-94.945383,,"Dixon, 1974",-13194000000,1653038,1653054,,,"Literature","Literature",,,,,,,,,,0.2,"POLYGON((-94.9392419968 29.6946376179,-94.9485457204 29.6914047902999,-94.9515233897 29.6973126345,-94.942649711 29.7014686300999))","Tabbs Bay"
"Menidia beryllina","eats","Insecta",29.696252,-94.945383,,"Dixon, 1974",-13194000000,1653038,1653052,,"larval stage","Literature","Literature",,,,,,,,,,,"POLYGON((-94.9392419968 29.6946376179,-94.9485457204 29.6914047902999,-94.9515233897 29.6973126345,-94.942649711 29.7014686300999))","Tabbs Bay"
"Menidia beryllina","eats","Actinopterygii",29.696252,-94.945383,,"Dixon, 1974",-13194000000,1653038,1653050,,,"Literature","Literature",,,,,,,,,,,"POLYGON((-94.9392419968 29.6946376179,-94.9485457204 29.6914047902999,-94.9515233897 29.6973126345,-94.942649711 29.7014686300999))","Tabbs Bay"
"Menidia beryllina","eats","Plantae",29.696252,-94.945383,,"Dixon, 1974",-13194000000,1653038,1653048,,,"Literature","Literature",,,,,,,,,,,"POLYGON((-94.9392419968 29.6946376179,-94.9485457204 29.6914047902999,-94.9515233897 29.6973126345,-94.942649711 29.7014686300999))","Tabbs Bay"
"Menidia beryllina","eats","Animalia",29.696252,-94.945383,,"Dixon, 1974",-13194000000,1653038,1653046,,"egg","Literature","Literature",,,,,,,,,,,"POLYGON((-94.9392419968 29.6946376179,-94.9485457204 29.6914047902999,-94.9515233897 29.6973126345,-94.942649711 29.7014686300999))","Tabbs Bay"
"Menidia beryllina","eats","Acartia tonsa",29.696252,-94.945383,,"Dixon, 1974",-13194000000,1653038,1653044,,,"Literature","Literature",,,,,,,,,,1.0,"POLYGON((-94.9392419968 29.6946376179,-94.9485457204 29.6914047902999,-94.9515233897 29.6973126345,-94.942649711 29.7014686300999))","Tabbs Bay"
"Menidia beryllina","eats","Cirripedia",29.696252,-94.945383,,"Dixon, 1974",-13194000000,1653038,1653042,,"nauplius stage","Literature","Literature",,,,,,,,,,,"POLYGON((-94.9392419968 29.6946376179,-94.9485457204 29.6914047902999,-94.9515233897 29.6973126345,-94.942649711 29.7014686300999))","Tabbs Bay"
"Menidia beryllina","eats","Polychaeta",29.696252,-94.945383,,"Dixon, 1974",-13194000000,1653038,1653040,,,"Literature","Literature",,,,,,,,,,,"POLYGON((-94.9392419968 29.6946376179,-94.9485457204 29.6914047902999,-94.9515233897 29.6973126345,-94.942649711 29.7014686300999))","Tabbs Bay"
"Menidia beryllina","eats","Arachnida",29.696252,-94.945383,,"Dixon, 1974",-13194000000,1653188,1653210,,,"Literature","Literature",,,,,,,,,,,"POLYGON((-94.9392419968 29.6946376179,-94.9485457204 29.6914047902999,-94.9515233897 29.6973126345,-94.942649711 29.7014686300999))","Tabbs Bay"
"Menidia beryllina","eats","Amphipoda",29.696252,-94.945383,,"Dixon, 1974",-13194000000,1653188,1653208,,,"Literature","Literature",,,,,,,,,,,"POLYGON((-94.9392419968 29.6946376179,-94.9485457204 29.6914047902999,-94.9515233897 29.6973126345,-94.942649711 29.7014686300999))","Tabbs Bay"
"Menidia beryllina","eats","Cyclopoida",29.696252,-94.945383,,"Dixon, 1974",-13194000000,1653188,1653206,,,"Literature","Literature",,,,,,,,,,0.33,"POLYGON((-94.9392419968 29.6946376179,-94.9485457204 29.6914047902999,-94.9515233897 29.6973126345,-94.942649711 29.7014686300999))","Tabbs Bay"
"Menidia beryllina","eats","Harpacticoida",29.696252,-94.945383,,"Dixon, 1974",-13194000000,1653188,1653204,,,"Literature","Literature",,,,,,,,,,,"POLYGON((-94.9392419968 29.6946376179,-94.9485457204 29.6914047902999,-94.9515233897 29.6973126345,-94.942649711 29.7014686300999))","Tabbs Bay"
"Menidia beryllina","eats","Insecta",29.696252,-94.945383,,"Dixon, 1974",-13194000000,1653188,1653202,,"larval stage","Literature","Literature",,,,,,,,,,,"POLYGON((-94.9392419968 29.6946376179,-94.9485457204 29.6914047902999,-94.9515233897 29.6973126345,-94.942649711 29.7014686300999))","Tabbs Bay"
"Menidia beryllina","eats","Actinopterygii",29.696252,-94.945383,,"Dixon, 1974",-13194000000,1653188,1653200,,,"Literature","Literature",,,,,,,,,,,"POLYGON((-94.9392419968 29.6946376179,-94.9485457204 29.6914047902999,-94.9515233897 29.6973126345,-94.942649711 29.7014686300999))","Tabbs Bay"
"Menidia beryllina","eats","Plantae",29.696252,-94.945383,,"Dixon, 1974",-13194000000,1653188,1653198,,,"Literature","Literature",,,,,,,,,,,"POLYGON((-94.9392419968 29.6946376179,-94.9485457204 29.6914047902999,-94.9515233897 29.6973126345,-94.942649711 29.7014686300999))","Tabbs Bay"
"Menidia beryllina","eats","Animalia",29.696252,-94.945383,,"Dixon, 1974",-13194000000,1653188,1653196,,"egg","Literature","Literature",,,,,,,,,,0.31,"POLYGON((-94.9392419968 29.6946376179,-94.9485457204 29.6914047902999,-94.9515233897 29.6973126345,-94.942649711 29.7014686300999))","Tabbs Bay"
"Menidia beryllina","eats","Acartia tonsa",29.696252,-94.945383,,"Dixon, 1974",-13194000000,1653188,1653194,,,"Literature","Literature",,,,,,,,,,0.69,"POLYGON((-94.9392419968 29.6946376179,-94.9485457204 29.6914047902999,-94.9515233897 29.6973126345,-94.942649711 29.7014686300999))","Tabbs Bay"
"Menidia beryllina","eats","Cirripedia",29.696252,-94.945383,,"Dixon, 1974",-13194000000,1653188,1653192,,"nauplius stage","Literature","Literature",,,,,,,,,,0.55,"POLYGON((-94.9392419968 29.6946376179,-94.9485457204 29.6914047902999,-94.9515233897 29.6973126345,-94.942649711 29.7014686300999))","Tabbs Bay"
"Menidia beryllina","eats","Polychaeta",29.696252,-94.945383,,"Dixon, 1974",-13194000000,1653188,1653190,,,"Literature","Literature",,,,,,,,,,0.12,"POLYGON((-94.9392419968 29.6946376179,-94.9485457204 29.6914047902999,-94.9515233897 29.6973126345,-94.942649711 29.7014686300999))","Tabbs Bay"
"Menidia beryllina","eats","Arachnida",29.767257,-94.78913,,"Dixon, 1974",-13194000000,1653212,1653234,,,"Literature","Literature",,,,,,,,,,,"POLYGON((-94.7995425799 29.7552287152,-94.8072562583 29.7623739414,-94.7800745011 29.7790989312999,-94.7705838126999 29.7719173406))","Trinity Bay"
"Menidia beryllina","eats","Amphipoda",29.767257,-94.78913,,"Dixon, 1974",-13194000000,1653212,1653232,,,"Literature","Literature",,,,,,,,,,,"POLYGON((-94.7995425799 29.7552287152,-94.8072562583 29.7623739414,-94.7800745011 29.7790989312999,-94.7705838126999 29.7719173406))","Trinity Bay"
"Menidia beryllina","eats","Cyclopoida",29.767257,-94.78913,,"Dixon, 1974",-13194000000,1653212,1653230,,,"Literature","Literature",,,,,,,,,,0.33,"POLYGON((-94.7995425799 29.7552287152,-94.8072562583 29.7623739414,-94.7800745011 29.7790989312999,-94.7705838126999 29.7719173406))","Trinity Bay"
"Menidia beryllina","eats","Harpacticoida",29.767257,-94.78913,,"Dixon, 1974",-13194000000,1653212,1653228,,,"Literature","Literature",,,,,,,,,,,"POLYGON((-94.7995425799 29.7552287152,-94.8072562583 29.7623739414,-94.7800745011 29.7790989312999,-94.7705838126999 29.7719173406))","Trinity Bay"
"Menidia beryllina","eats","Insecta",29.767257,-94.78913,,"Dixon, 1974",-13194000000,1653212,1653226,,"larval stage","Literature","Literature",,,,,,,,,,,"POLYGON((-94.7995425799 29.7552287152,-94.8072562583 29.7623739414,-94.7800745011 29.7790989312999,-94.7705838126999 29.7719173406))","Trinity Bay"
"Menidia beryllina","eats","Actinopterygii",29.767257,-94.78913,,"Dixon, 1974",-13194000000,1653212,1653224,,,"Literature","Literature",,,,,,,,,,,"POLYGON((-94.7995425799 29.7552287152,-94.8072562583 29.7623739414,-94.7800745011 29.7790989312999,-94.7705838126999 29.7719173406))","Trinity Bay"
"Menidia beryllina","eats","Plantae",29.767257,-94.78913,,"Dixon, 1974",-13194000000,1653212,1653222,,,"Literature","Literature",,,,,,,,,,,"POLYGON((-94.7995425799 29.7552287152,-94.8072562583 29.7623739414,-94.7800745011 29.7790989312999,-94.7705838126999 29.7719173406))","Trinity Bay"
"Menidia beryllina","eats","Animalia",29.767257,-94.78913,,"Dixon, 1974",-13194000000,1653212,1653220,,"egg","Literature","Literature",,,,,,,,,,0.31,"POLYGON((-94.7995425799 29.7552287152,-94.8072562583 29.7623739414,-94.7800745011 29.7790989312999,-94.7705838126999 29.7719173406))","Trinity Bay"
"Menidia beryllina","eats","Acartia tonsa",29.767257,-94.78913,,"Dixon, 1974",-13194000000,1653212,1653218,,,"Literature","Literature",,,,,,,,,,0.69,"POLYGON((-94.7995425799 29.7552287152,-94.8072562583 29.7623739414,-94.7800745011 29.7790989312999,-94.7705838126999 29.7719173406))","Trinity Bay"
"Menidia beryllina","eats","Cirripedia",29.767257,-94.78913,,"Dixon, 1974",-13194000000,1653212,1653216,,"nauplius stage","Literature","Literature",,,,,,,,,,0.55,"POLYGON((-94.7995425799 29.7552287152,-94.8072562583 29.7623739414,-94.7800745011 29.7790989312999,-94.7705838126999 29.7719173406))","Trinity Bay"
"Menidia beryllina","eats","Polychaeta",29.767257,-94.78913,,"Dixon, 1974",-13194000000,1653212,1653214,,,"Literature","Literature",,,,,,,,,,0.12,"POLYGON((-94.7995425799 29.7552287152,-94.8072562583 29.7623739414,-94.7800745011 29.7790989312999,-94.7705838126999 29.7719173406))","Trinity Bay"
"Menidia beryllina","eats","Arachnida",29.741246,-94.827046,,"Dixon, 1974",-13194000000,1653242,1653266,,,"Literature","Literature",,,,,,,,,,,"POLYGON((-94.8055415573 29.7563529421,-94.8373662229 29.7215064705,-94.8465887643999 29.7321732143999,-94.8173632170999 29.7574550349,-94.8093280803 29.759590285))","Trinity Bay"
"Menidia beryllina","eats","Amphipoda",29.741246,-94.827046,,"Dixon, 1974",-13194000000,1653242,1653264,,,"Literature","Literature",,,,,,,,,,0.2,"POLYGON((-94.8055415573 29.7563529421,-94.8373662229 29.7215064705,-94.8465887643999 29.7321732143999,-94.8173632170999 29.7574550349,-94.8093280803 29.759590285))","Trinity Bay"
"Menidia beryllina","eats","Cyclopoida",29.741246,-94.827046,,"Dixon, 1974",-13194000000,1653242,1653262,,,"Literature","Literature",,,,,,,,,,,"POLYGON((-94.8055415573 29.7563529421,-94.8373662229 29.7215064705,-94.8465887643999 29.7321732143999,-94.8173632170999 29.7574550349,-94.8093280803 29.759590285))","Trinity Bay"
"Menidia beryllina","eats","Harpacticoida",29.741246,-94.827046,,"Dixon, 1974",-13194000000,1653242,1653260,,,"Literature","Literature",,,,,,,,,,0.12,"POLYGON((-94.8055415573 29.7563529421,-94.8373662229 29.7215064705,-94.8465887643999 29.7321732143999,-94.8173632170999 29.7574550349,-94.8093280803 29.759590285))","Trinity Bay"
"Menidia beryllina","eats","Insecta",29.741246,-94.827046,,"Dixon, 1974",-13194000000,1653242,1653258,,"larval stage","Literature","Literature",,,,,,,,,,0.11,"POLYGON((-94.8055415573 29.7563529421,-94.8373662229 29.7215064705,-94.8465887643999 29.7321732143999,-94.8173632170999 29.7574550349,-94.8093280803 29.759590285))","Trinity Bay"
"Menidia beryllina","eats","Actinopterygii",29.741246,-94.827046,,"Dixon, 1974",-13194000000,1653242,1653256,,,"Literature","Literature",,,,,,,,,,0.03,"POLYGON((-94.8055415573 29.7563529421,-94.8373662229 29.7215064705,-94.8465887643999 29.7321732143999,-94.8173632170999 29.7574550349,-94.8093280803 29.759590285))","Trinity Bay"
"Menidia beryllina","eats","Plantae",29.741246,-94.827046,,"Dixon, 1974",-13194000000,1653242,1653254,,,"Literature","Literature",,,,,,,,,,0.52,"POLYGON((-94.8055415573 29.7563529421,-94.8373662229 29.7215064705,-94.8465887643999 29.7321732143999,-94.8173632170999 29.7574550349,-94.8093280803 29.759590285))","Trinity Bay"
"Menidia beryllina","eats","Animalia",29.741246,-94.827046,,"Dixon, 1974",-13194000000,1653242,1653252,,"egg","Literature","Literature",,,,,,,,,,0.05,"POLYGON((-94.8055415573 29.7563529421,-94.8373662229 29.7215064705,-94.8465887643999 29.7321732143999,-94.8173632170999 29.7574550349,-94.8093280803 29.759590285))","Trinity Bay"
"Menidia beryllina","eats","Acartia tonsa",29.741246,-94.827046,,"Dixon, 1974",-13194000000,1653242,1653250,,,"Literature","Literature",,,,,,,,,,0.11,"POLYGON((-94.8055415573 29.7563529421,-94.8373662229 29.7215064705,-94.8465887643999 29.7321732143999,-94.8173632170999 29.7574550349,-94.8093280803 29.759590285))","Trinity Bay"
"Menidia beryllina","eats","Cirripedia",29.741246,-94.827046,,"Dixon, 1974",-13194000000,1653242,1653248,,"nauplius stage","Literature","Literature",,,,,,,,,,0.09,"POLYGON((-94.8055415573 29.7563529421,-94.8373662229 29.7215064705,-94.8465887643999 29.7321732143999,-94.8173632170999 29.7574550349,-94.8093280803 29.759590285))","Trinity Bay"
"Menidia beryllina","eats","Polychaeta",29.741246,-94.827046,,"Dixon, 1974",-13194000000,1653242,1653246,,,"Literature","Literature",,,,,,,,,,0.15,"POLYGON((-94.8055415573 29.7563529421,-94.8373662229 29.7215064705,-94.8465887643999 29.7321732143999,-94.8173632170999 29.7574550349,-94.8093280803 29.759590285))","Trinity Bay"
"Menidia beryllina","eats","Insecta",29.741246,-94.827046,,"Dixon, 1974",-13194000000,1653242,1653244,,,"Literature","Literature",,,,,,,,,,0.31,"POLYGON((-94.8055415573 29.7563529421,-94.8373662229 29.7215064705,-94.8465887643999 29.7321732143999,-94.8173632170999 29.7574550349,-94.8093280803 29.759590285))","Trinity Bay"
"Menidia beryllina","eats","Arachnida",29.767257,-94.78913,,"Dixon, 1974",-13194000000,1653138,1653162,,,"Literature","Literature",,,,,,,,,,,"POLYGON((-94.7995425799 29.7552287152,-94.8072562583 29.7623739414,-94.7800745011 29.7790989312999,-94.7705838126999 29.7719173406))","Trinity Bay"
"Menidia beryllina","eats","Amphipoda",29.767257,-94.78913,,"Dixon, 1974",-13194000000,1653138,1653160,,,"Literature","Literature",,,,,,,,,,,"POLYGON((-94.7995425799 29.7552287152,-94.8072562583 29.7623739414,-94.7800745011 29.7790989312999,-94.7705838126999 29.7719173406))","Trinity Bay"
"Menidia beryllina","eats","Cyclopoida",29.767257,-94.78913,,"Dixon, 1974",-13194000000,1653138,1653158,,,"Literature","Literature",,,,,,,,,,0.13,"POLYGON((-94.7995425799 29.7552287152,-94.8072562583 29.7623739414,-94.7800745011 29.7790989312999,-94.7705838126999 29.7719173406))","Trinity Bay"
"Menidia beryllina","eats","Harpacticoida",29.767257,-94.78913,,"Dixon, 1974",-13194000000,1653138,1653156,,,"Literature","Literature",,,,,,,,,,,"POLYGON((-94.7995425799 29.7552287152,-94.8072562583 29.7623739414,-94.7800745011 29.7790989312999,-94.7705838126999 29.7719173406))","Trinity Bay"
"Menidia beryllina","eats","Insecta",29.767257,-94.78913,,"Dixon, 1974",-13194000000,1653138,1653154,,"larval stage","Literature","Literature",,,,,,,,,,0.12,"POLYGON((-94.7995425799 29.7552287152,-94.8072562583 29.7623739414,-94.7800745011 29.7790989312999,-94.7705838126999 29.7719173406))","Trinity Bay"
"Menidia beryllina","eats","Actinopterygii",29.767257,-94.78913,,"Dixon, 1974",-13194000000,1653138,1653152,,,"Literature","Literature",,,,,,,,,,,"POLYGON((-94.7995425799 29.7552287152,-94.8072562583 29.7623739414,-94.7800745011 29.7790989312999,-94.7705838126999 29.7719173406))","Trinity Bay"
"Menidia beryllina","eats","Plantae",29.767257,-94.78913,,"Dixon, 1974",-13194000000,1653138,1653150,,,"Literature","Literature",,,,,,,,,,0.18,"POLYGON((-94.7995425799 29.7552287152,-94.8072562583 29.7623739414,-94.7800745011 29.7790989312999,-94.7705838126999 29.7719173406))","Trinity Bay"
"Menidia beryllina","eats","Animalia",29.767257,-94.78913,,"Dixon, 1974",-13194000000,1653138,1653148,,"egg","Literature","Literature",,,,,,,,,,,"POLYGON((-94.7995425799 29.7552287152,-94.8072562583 29.7623739414,-94.7800745011 29.7790989312999,-94.7705838126999 29.7719173406))","Trinity Bay"
"Menidia beryllina","eats","Acartia tonsa",29.767257,-94.78913,,"Dixon, 1974",-13194000000,1653138,1653146,,,"Literature","Literature",,,,,,,,,,0.63,"POLYGON((-94.7995425799 29.7552287152,-94.8072562583 29.7623739414,-94.7800745011 29.7790989312999,-94.7705838126999 29.7719173406))","Trinity Bay"
"Menidia beryllina","eats","Cirripedia",29.767257,-94.78913,,"Dixon, 1974",-13194000000,1653138,1653144,,"nauplius stage","Literature","Literature",,,,,,,,,,0.61,"POLYGON((-94.7995425799 29.7552287152,-94.8072562583 29.7623739414,-94.7800745011 29.7790989312999,-94.7705838126999 29.7719173406))","Trinity Bay"
"Menidia beryllina","eats","Polychaeta",29.767257,-94.78913,,"Dixon, 1974",-13194000000,1653138,1653142,,,"Literature","Literature",,,,,,,,,,,"POLYGON((-94.7995425799 29.7552287152,-94.8072562583 29.7623739414,-94.7800745011 29.7790989312999,-94.7705838126999 29.7719173406))","Trinity Bay"
"Menidia beryllina","eats","Insecta",29.767257,-94.78913,,"Dixon, 1974",-13194000000,1653138,1653140,,,"Literature","Literature",,,,,,,,,,0.28,"POLYGON((-94.7995425799 29.7552287152,-94.8072562583 29.7623739414,-94.7800745011 29.7790989312999,-94.7705838126999 29.7719173406))","Trinity Bay"
"Menidia beryllina","eats","Arachnida",29.741246,-94.827046,,"Dixon, 1974",-13194000000,1653164,1653186,,,"Literature","Literature",,,,,,,,,,,"POLYGON((-94.8055415573 29.7563529421,-94.8373662229 29.7215064705,-94.8465887643999 29.7321732143999,-94.8173632170999 29.7574550349,-94.8093280803 29.759590285))","Trinity Bay"
"Menidia beryllina","eats","Amphipoda",29.741246,-94.827046,,"Dixon, 1974",-13194000000,1653164,1653184,,,"Literature","Literature",,,,,,,,,,,"POLYGON((-94.8055415573 29.7563529421,-94.8373662229 29.7215064705,-94.8465887643999 29.7321732143999,-94.8173632170999 29.7574550349,-94.8093280803 29.759590285))","Trinity Bay"
"Menidia beryllina","eats","Cyclopoida",29.741246,-94.827046,,"Dixon, 1974",-13194000000,1653164,1653182,,,"Literature","Literature",,,,,,,,,,0.33,"POLYGON((-94.8055415573 29.7563529421,-94.8373662229 29.7215064705,-94.8465887643999 29.7321732143999,-94.8173632170999 29.7574550349,-94.8093280803 29.759590285))","Trinity Bay"
"Menidia beryllina","eats","Harpacticoida",29.741246,-94.827046,,"Dixon, 1974",-13194000000,1653164,1653180,,,"Literature","Literature",,,,,,,,,,,"POLYGON((-94.8055415573 29.7563529421,-94.8373662229 29.7215064705,-94.8465887643999 29.7321732143999,-94.8173632170999 29.7574550349,-94.8093280803 29.759590285))","Trinity Bay"
"Menidia beryllina","eats","Insecta",29.741246,-94.827046,,"Dixon, 1974",-13194000000,1653164,1653178,,"larval stage","Literature","Literature",,,,,,,,,,,"POLYGON((-94.8055415573 29.7563529421,-94.8373662229 29.7215064705,-94.8465887643999 29.7321732143999,-94.8173632170999 29.7574550349,-94.8093280803 29.759590285))","Trinity Bay"
"Menidia beryllina","eats","Actinopterygii",29.741246,-94.827046,,"Dixon, 1974",-13194000000,1653164,1653176,,,"Literature","Literature",,,,,,,,,,,"POLYGON((-94.8055415573 29.7563529421,-94.8373662229 29.7215064705,-94.8465887643999 29.7321732143999,-94.8173632170999 29.7574550349,-94.8093280803 29.759590285))","Trinity Bay"
"Menidia beryllina","eats","Plantae",29.741246,-94.827046,,"Dixon, 1974",-13194000000,1653164,1653174,,,"Literature","Literature",,,,,,,,,,,"POLYGON((-94.8055415573 29.7563529421,-94.8373662229 29.7215064705,-94.8465887643999 29.7321732143999,-94.8173632170999 29.7574550349,-94.8093280803 29.759590285))","Trinity Bay"
"Menidia beryllina","eats","Animalia",29.741246,-94.827046,,"Dixon, 1974",-13194000000,1653164,1653172,,"egg","Literature","Literature",,,,,,,,,,0.31,"POLYGON((-94.8055415573 29.7563529421,-94.8373662229 29.7215064705,-94.8465887643999 29.7321732143999,-94.8173632170999 29.7574550349,-94.8093280803 29.759590285))","Trinity Bay"
"Menidia beryllina","eats","Acartia tonsa",29.741246,-94.827046,,"Dixon, 1974",-13194000000,1653164,1653170,,,"Literature","Literature",,,,,,,,,,0.69,"POLYGON((-94.8055415573 29.7563529421,-94.8373662229 29.7215064705,-94.8465887643999 29.7321732143999,-94.8173632170999 29.7574550349,-94.8093280803 29.759590285))","Trinity Bay"
"Menidia beryllina","eats","Cirripedia",29.741246,-94.827046,,"Dixon, 1974",-13194000000,1653164,1653168,,"nauplius stage","Literature","Literature",,,,,,,,,,0.55,"POLYGON((-94.8055415573 29.7563529421,-94.8373662229 29.7215064705,-94.8465887643999 29.7321732143999,-94.8173632170999 29.7574550349,-94.8093280803 29.759590285))","Trinity Bay"
"Menidia beryllina","eats","Polychaeta",29.741246,-94.827046,,"Dixon, 1974",-13194000000,1653164,1653166,,,"Literature","Literature",,,,,,,,,,0.12,"POLYGON((-94.8055415573 29.7563529421,-94.8373662229 29.7215064705,-94.8465887643999 29.7321732143999,-94.8173632170999 29.7574550349,-94.8093280803 29.759590285))","Trinity Bay"
"Menidia beryllina","eats","Arachnida",29.696252,-94.945383,,"Dixon, 1974",-13194000000,1652806,1652830,,,"Literature","Literature",,,,,,,,,,0.25,"POLYGON((-94.9392419968 29.6946376179,-94.9485457204 29.6914047902999,-94.9515233897 29.6973126345,-94.942649711 29.7014686300999))","Tabbs Bay"
"Menidia beryllina","eats","Amphipoda",29.696252,-94.945383,,"Dixon, 1974",-13194000000,1652806,1652828,,,"Literature","Literature",,,,,,,,,,0.17,"POLYGON((-94.9392419968 29.6946376179,-94.9485457204 29.6914047902999,-94.9515233897 29.6973126345,-94.942649711 29.7014686300999))","Tabbs Bay"
"Menidia beryllina","eats","Cyclopoida",29.696252,-94.945383,,"Dixon, 1974",-13194000000,1652806,1652826,,,"Literature","Literature",,,,,,,,,,0.1,"POLYGON((-94.9392419968 29.6946376179,-94.9485457204 29.6914047902999,-94.9515233897 29.6973126345,-94.942649711 29.7014686300999))","Tabbs Bay"
"Menidia beryllina","eats","Harpacticoida",29.696252,-94.945383,,"Dixon, 1974",-13194000000,1652806,1652824,,,"Literature","Literature",,,,,,,,,,0.3,"POLYGON((-94.9392419968 29.6946376179,-94.9485457204 29.6914047902999,-94.9515233897 29.6973126345,-94.942649711 29.7014686300999))","Tabbs Bay"
"Menidia beryllina","eats","Insecta",29.696252,-94.945383,,"Dixon, 1974",-13194000000,1652806,1652822,,"larval stage","Literature","Literature",,,,,,,,,,0.08,"POLYGON((-94.9392419968 29.6946376179,-94.9485457204 29.6914047902999,-94.9515233897 29.6973126345,-94.942649711 29.7014686300999))","Tabbs Bay"
"Menidia beryllina","eats","Actinopterygii",29.696252,-94.945383,,"Dixon, 1974",-13194000000,1652806,1652820,,,"Literature","Literature",,,,,,,,,,,"POLYGON((-94.9392419968 29.6946376179,-94.9485457204 29.6914047902999,-94.9515233897 29.6973126345,-94.942649711 29.7014686300999))","Tabbs Bay"
"Menidia beryllina","eats","Plantae",29.696252,-94.945383,,"Dixon, 1974",-13194000000,1652806,1652818,,,"Literature","Literature",,,,,,,,,,0.08,"POLYGON((-94.9392419968 29.6946376179,-94.9485457204 29.6914047902999,-94.9515233897 29.6973126345,-94.942649711 29.7014686300999))","Tabbs Bay"
"Menidia beryllina","eats","Animalia",29.696252,-94.945383,,"Dixon, 1974",-13194000000,1652806,1652816,,"egg","Literature","Literature",,,,,,,,,,0.13,"POLYGON((-94.9392419968 29.6946376179,-94.9485457204 29.6914047902999,-94.9515233897 29.6973126345,-94.942649711 29.7014686300999))","Tabbs Bay"
"Menidia beryllina","eats","Acartia tonsa",29.696252,-94.945383,,"Dixon, 1974",-13194000000,1652806,1652814,,,"Literature","Literature",,,,,,,,,,0.29,"POLYGON((-94.9392419968 29.6946376179,-94.9485457204 29.6914047902999,-94.9515233897 29.6973126345,-94.942649711 29.7014686300999))","Tabbs Bay"
"Menidia beryllina","eats","Cirripedia",29.696252,-94.945383,,"Dixon, 1974",-13194000000,1652806,1652812,,"nauplius stage","Literature","Literature",,,,,,,,,,0.27,"POLYGON((-94.9392419968 29.6946376179,-94.9485457204 29.6914047902999,-94.9515233897 29.6973126345,-94.942649711 29.7014686300999))","Tabbs Bay"
"Menidia beryllina","eats","Polychaeta",29.696252,-94.945383,,"Dixon, 1974",-13194000000,1652806,1652810,,,"Literature","Literature",,,,,,,,,,0.11,"POLYGON((-94.9392419968 29.6946376179,-94.9485457204 29.6914047902999,-94.9515233897 29.6973126345,-94.942649711 29.7014686300999))","Tabbs Bay"
"Menidia beryllina","eats","Insecta",29.696252,-94.945383,,"Dixon, 1974",-13194000000,1652806,1652808,,,"Literature","Literature",,,,,,,,,,0.55,"POLYGON((-94.9392419968 29.6946376179,-94.9485457204 29.6914047902999,-94.9515233897 29.6973126345,-94.942649711 29.7014686300999))","Tabbs Bay"
"Menidia beryllina","eats","Arachnida",29.741246,-94.827046,,"Dixon, 1974",-13194000000,1652858,1652882,,,"Literature","Literature",,,,,,,,,,0.5,"POLYGON((-94.8055415573 29.7563529421,-94.8373662229 29.7215064705,-94.8465887643999 29.7321732143999,-94.8173632170999 29.7574550349,-94.8093280803 29.759590285))","Trinity Bay"
"Menidia beryllina","eats","Amphipoda",29.741246,-94.827046,,"Dixon, 1974",-13194000000,1652858,1652880,,,"Literature","Literature",,,,,,,,,,,"POLYGON((-94.8055415573 29.7563529421,-94.8373662229 29.7215064705,-94.8465887643999 29.7321732143999,-94.8173632170999 29.7574550349,-94.8093280803 29.759590285))","Trinity Bay"
"Menidia beryllina","eats","Cyclopoida",29.741246,-94.827046,,"Dixon, 1974",-13194000000,1652858,1652878,,,"Literature","Literature",,,,,,,,,,,"POLYGON((-94.8055415573 29.7563529421,-94.8373662229 29.7215064705,-94.8465887643999 29.7321732143999,-94.8173632170999 29.7574550349,-94.8093280803 29.759590285))","Trinity Bay"
"Menidia beryllina","eats","Harpacticoida",29.741246,-94.827046,,"Dixon, 1974",-13194000000,1652858,1652876,,,"Literature","Literature",,,,,,,,,,,"POLYGON((-94.8055415573 29.7563529421,-94.8373662229 29.7215064705,-94.8465887643999 29.7321732143999,-94.8173632170999 29.7574550349,-94.8093280803 29.759590285))","Trinity Bay"
"Menidia beryllina","eats","Insecta",29.741246,-94.827046,,"Dixon, 1974",-13194000000,1652858,1652874,,"larval stage","Literature","Literature",,,,,,,,,,0.72,"POLYGON((-94.8055415573 29.7563529421,-94.8373662229 29.7215064705,-94.8465887643999 29.7321732143999,-94.8173632170999 29.7574550349,-94.8093280803 29.759590285))","Trinity Bay"
"Menidia beryllina","eats","Actinopterygii",29.741246,-94.827046,,"Dixon, 1974",-13194000000,1652858,1652872,,,"Literature","Literature",,,,,,,,,,,"POLYGON((-94.8055415573 29.7563529421,-94.8373662229 29.7215064705,-94.8465887643999 29.7321732143999,-94.8173632170999 29.7574550349,-94.8093280803 29.759590285))","Trinity Bay"
"Menidia beryllina","eats","Plantae",29.741246,-94.827046,,"Dixon, 1974",-13194000000,1652858,1652870,,,"Literature","Literature",,,,,,,,,,,"POLYGON((-94.8055415573 29.7563529421,-94.8373662229 29.7215064705,-94.8465887643999 29.7321732143999,-94.8173632170999 29.7574550349,-94.8093280803 29.759590285))","Trinity Bay"
"Menidia beryllina","eats","Animalia",29.741246,-94.827046,,"Dixon, 1974",-13194000000,1652858,1652868,,"egg","Literature","Literature",,,,,,,,,,,"POLYGON((-94.8055415573 29.7563529421,-94.8373662229 29.7215064705,-94.8465887643999 29.7321732143999,-94.8173632170999 29.7574550349,-94.8093280803 29.759590285))","Trinity Bay"
"Menidia beryllina","eats","Acartia tonsa",29.741246,-94.827046,,"Dixon, 1974",-13194000000,1652858,1652866,,,"Literature","Literature",,,,,,,,,,0.51,"POLYGON((-94.8055415573 29.7563529421,-94.8373662229 29.7215064705,-94.8465887643999 29.7321732143999,-94.8173632170999 29.7574550349,-94.8093280803 29.759590285))","Trinity Bay"
"Menidia beryllina","eats","Cirripedia",29.741246,-94.827046,,"Dixon, 1974",-13194000000,1652858,1652864,,"nauplius stage","Literature","Literature",,,,,,,,,,,"POLYGON((-94.8055415573 29.7563529421,-94.8373662229 29.7215064705,-94.8465887643999 29.7321732143999,-94.8173632170999 29.7574550349,-94.8093280803 29.759590285))","Trinity Bay"
"Menidia beryllina","eats","Polychaeta",29.741246,-94.827046,,"Dixon, 1974",-13194000000,1652858,1652862,,,"Literature","Literature",,,,,,,,,,0.51,"POLYGON((-94.8055415573 29.7563529421,-94.8373662229 29.7215064705,-94.8465887643999 29.7321732143999,-94.8173632170999 29.7574550349,-94.8093280803 29.759590285))","Trinity Bay"
"Menidia beryllina","eats","Insecta",29.741246,-94.827046,,"Dixon, 1974",-13194000000,1652858,1652860,,,"Literature","Literature",,,,,,,,,,0.25,"POLYGON((-94.8055415573 29.7563529421,-94.8373662229 29.7215064705,-94.8465887643999 29.7321732143999,-94.8173632170999 29.7574550349,-94.8093280803 29.759590285))","Trinity Bay"
"Menidia beryllina","eats","Arachnida",29.767257,-94.78913,,"Dixon, 1974",-13194000000,1652832,1652856,,,"Literature","Literature",,,,,,,,,,0.25,"POLYGON((-94.7995425799 29.7552287152,-94.8072562583 29.7623739414,-94.7800745011 29.7790989312999,-94.7705838126999 29.7719173406))","Trinity Bay"
"Menidia beryllina","eats","Amphipoda",29.767257,-94.78913,,"Dixon, 1974",-13194000000,1652832,1652854,,,"Literature","Literature",,,,,,,,,,0.17,"POLYGON((-94.7995425799 29.7552287152,-94.8072562583 29.7623739414,-94.7800745011 29.7790989312999,-94.7705838126999 29.7719173406))","Trinity Bay"
"Menidia beryllina","eats","Cyclopoida",29.767257,-94.78913,,"Dixon, 1974",-13194000000,1652832,1652852,,,"Literature","Literature",,,,,,,,,,0.1,"POLYGON((-94.7995425799 29.7552287152,-94.8072562583 29.7623739414,-94.7800745011 29.7790989312999,-94.7705838126999 29.7719173406))","Trinity Bay"
"Menidia beryllina","eats","Harpacticoida",29.767257,-94.78913,,"Dixon, 1974",-13194000000,1652832,1652850,,,"Literature","Literature",,,,,,,,,,0.3,"POLYGON((-94.7995425799 29.7552287152,-94.8072562583 29.7623739414,-94.7800745011 29.7790989312999,-94.7705838126999 29.7719173406))","Trinity Bay"
"Menidia beryllina","eats","Insecta",29.767257,-94.78913,,"Dixon, 1974",-13194000000,1652832,1652848,,"larval stage","Literature","Literature",,,,,,,,,,0.08,"POLYGON((-94.7995425799 29.7552287152,-94.8072562583 29.7623739414,-94.7800745011 29.7790989312999,-94.7705838126999 29.7719173406))","Trinity Bay"
"Menidia beryllina","eats","Actinopterygii",29.767257,-94.78913,,"Dixon, 1974",-13194000000,1652832,1652846,,,"Literature","Literature",,,,,,,,,,,"POLYGON((-94.7995425799 29.7552287152,-94.8072562583 29.7623739414,-94.7800745011 29.7790989312999,-94.7705838126999 29.7719173406))","Trinity Bay"
"Menidia beryllina","eats","Plantae",29.767257,-94.78913,,"Dixon, 1974",-13194000000,1652832,1652844,,,"Literature","Literature",,,,,,,,,,0.08,"POLYGON((-94.7995425799 29.7552287152,-94.8072562583 29.7623739414,-94.7800745011 29.7790989312999,-94.7705838126999 29.7719173406))","Trinity Bay"
"Menidia beryllina","eats","Animalia",29.767257,-94.78913,,"Dixon, 1974",-13194000000,1652832,1652842,,"egg","Literature","Literature",,,,,,,,,,0.13,"POLYGON((-94.7995425799 29.7552287152,-94.8072562583 29.7623739414,-94.7800745011 29.7790989312999,-94.7705838126999 29.7719173406))","Trinity Bay"
"Menidia beryllina","eats","Acartia tonsa",29.767257,-94.78913,,"Dixon, 1974",-13194000000,1652832,1652840,,,"Literature","Literature",,,,,,,,,,0.29,"POLYGON((-94.7995425799 29.7552287152,-94.8072562583 29.7623739414,-94.7800745011 29.7790989312999,-94.7705838126999 29.7719173406))","Trinity Bay"
"Menidia beryllina","eats","Cirripedia",29.767257,-94.78913,,"Dixon, 1974",-13194000000,1652832,1652838,,"nauplius stage","Literature","Literature",,,,,,,,,,0.27,"POLYGON((-94.7995425799 29.7552287152,-94.8072562583 29.7623739414,-94.7800745011 29.7790989312999,-94.7705838126999 29.7719173406))","Trinity Bay"
"Menidia beryllina","eats","Polychaeta",29.767257,-94.78913,,"Dixon, 1974",-13194000000,1652832,1652836,,,"Literature","Literature",,,,,,,,,,0.11,"POLYGON((-94.7995425799 29.7552287152,-94.8072562583 29.7623739414,-94.7800745011 29.7790989312999,-94.7705838126999 29.7719173406))","Trinity Bay"
"Menidia beryllina","eats","Insecta",29.767257,-94.78913,,"Dixon, 1974",-13194000000,1652832,1652834,,,"Literature","Literature",,,,,,,,,,0.55,"POLYGON((-94.7995425799 29.7552287152,-94.8072562583 29.7623739414,-94.7800745011 29.7790989312999,-94.7705838126999 29.7719173406))","Trinity Bay"
"Menidia beryllina","eats","Arachnida",29.767257,-94.78913,,"Dixon, 1974",-13194000000,1652748,1652772,,,"Literature","Literature",,,,,,,,,,0.08,"POLYGON((-94.7995425799 29.7552287152,-94.8072562583 29.7623739414,-94.7800745011 29.7790989312999,-94.7705838126999 29.7719173406))","Trinity Bay"
"Menidia beryllina","eats","Amphipoda",29.767257,-94.78913,,"Dixon, 1974",-13194000000,1652748,1652770,,,"Literature","Literature",,,,,,,,,,0.05,"POLYGON((-94.7995425799 29.7552287152,-94.8072562583 29.7623739414,-94.7800745011 29.7790989312999,-94.7705838126999 29.7719173406))","Trinity Bay"
"Menidia beryllina","eats","Cyclopoida",29.767257,-94.78913,,"Dixon, 1974",-13194000000,1652748,1652768,,,"Literature","Literature",,,,,,,,,,0.38,"POLYGON((-94.7995425799 29.7552287152,-94.8072562583 29.7623739414,-94.7800745011 29.7790989312999,-94.7705838126999 29.7719173406))","Trinity Bay"
"Menidia beryllina","eats","Harpacticoida",29.767257,-94.78913,,"Dixon, 1974",-13194000000,1652748,1652766,,,"Literature","Literature",,,,,,,,,,0.21,"POLYGON((-94.7995425799 29.7552287152,-94.8072562583 29.7623739414,-94.7800745011 29.7790989312999,-94.7705838126999 29.7719173406))","Trinity Bay"
"Menidia beryllina","eats","Insecta",29.767257,-94.78913,,"Dixon, 1974",-13194000000,1652748,1652764,,"larval stage","Literature","Literature",,,,,,,,,,0.27,"POLYGON((-94.7995425799 29.7552287152,-94.8072562583 29.7623739414,-94.7800745011 29.7790989312999,-94.7705838126999 29.7719173406))","Trinity Bay"
"Menidia beryllina","eats","Actinopterygii",29.767257,-94.78913,,"Dixon, 1974",-13194000000,1652748,1652762,,,"Literature","Literature",,,,,,,,,,,"POLYGON((-94.7995425799 29.7552287152,-94.8072562583 29.7623739414,-94.7800745011 29.7790989312999,-94.7705838126999 29.7719173406))","Trinity Bay"
"Menidia beryllina","eats","Plantae",29.767257,-94.78913,,"Dixon, 1974",-13194000000,1652748,1652760,,,"Literature","Literature",,,,,,,,,,,"POLYGON((-94.7995425799 29.7552287152,-94.8072562583 29.7623739414,-94.7800745011 29.7790989312999,-94.7705838126999 29.7719173406))","Trinity Bay"
"Menidia beryllina","eats","Animalia",29.767257,-94.78913,,"Dixon, 1974",-13194000000,1652748,1652758,,"egg","Literature","Literature",,,,,,,,,,,"POLYGON((-94.7995425799 29.7552287152,-94.8072562583 29.7623739414,-94.7800745011 29.7790989312999,-94.7705838126999 29.7719173406))","Trinity Bay"
"Menidia beryllina","eats","Acartia tonsa",29.767257,-94.78913,,"Dixon, 1974",-13194000000,1652748,1652756,,,"Literature","Literature",,,,,,,,,,0.3,"POLYGON((-94.7995425799 29.7552287152,-94.8072562583 29.7623739414,-94.7800745011 29.7790989312999,-94.7705838126999 29.7719173406))","Trinity Bay"
"Menidia beryllina","eats","Cirripedia",29.767257,-94.78913,,"Dixon, 1974",-13194000000,1652748,1652754,,"nauplius stage","Literature","Literature",,,,,,,,,,0.2,"POLYGON((-94.7995425799 29.7552287152,-94.8072562583 29.7623739414,-94.7800745011 29.7790989312999,-94.7705838126999 29.7719173406))","Trinity Bay"
"Menidia beryllina","eats","Polychaeta",29.767257,-94.78913,,"Dixon, 1974",-13194000000,1652748,1652752,,,"Literature","Literature",,,,,,,,,,0.28,"POLYGON((-94.7995425799 29.7552287152,-94.8072562583 29.7623739414,-94.7800745011 29.7790989312999,-94.7705838126999 29.7719173406))","Trinity Bay"
"Menidia beryllina","eats","Insecta",29.767257,-94.78913,,"Dixon, 1974",-13194000000,1652748,1652750,,,"Literature","Literature",,,,,,,,,,0.55,"POLYGON((-94.7995425799 29.7552287152,-94.8072562583 29.7623739414,-94.7800745011 29.7790989312999,-94.7705838126999 29.7719173406))","Trinity Bay"
"Menidia beryllina","eats","Arachnida",29.741246,-94.827046,,"Dixon, 1974",-13194000000,1652780,1652804,,,"Literature","Literature",,,,,,,,,,0.25,"POLYGON((-94.8055415573 29.7563529421,-94.8373662229 29.7215064705,-94.8465887643999 29.7321732143999,-94.8173632170999 29.7574550349,-94.8093280803 29.759590285))","Trinity Bay"
"Menidia beryllina","eats","Amphipoda",29.741246,-94.827046,,"Dixon, 1974",-13194000000,1652780,1652802,,,"Literature","Literature",,,,,,,,,,0.17,"POLYGON((-94.8055415573 29.7563529421,-94.8373662229 29.7215064705,-94.8465887643999 29.7321732143999,-94.8173632170999 29.7574550349,-94.8093280803 29.759590285))","Trinity Bay"
"Menidia beryllina","eats","Cyclopoida",29.741246,-94.827046,,"Dixon, 1974",-13194000000,1652780,1652800,,,"Literature","Literature",,,,,,,,,,0.1,"POLYGON((-94.8055415573 29.7563529421,-94.8373662229 29.7215064705,-94.8465887643999 29.7321732143999,-94.8173632170999 29.7574550349,-94.8093280803 29.759590285))","Trinity Bay"
"Menidia beryllina","eats","Harpacticoida",29.741246,-94.827046,,"Dixon, 1974",-13194000000,1652780,1652798,,,"Literature","Literature",,,,,,,,,,0.3,"POLYGON((-94.8055415573 29.7563529421,-94.8373662229 29.7215064705,-94.8465887643999 29.7321732143999,-94.8173632170999 29.7574550349,-94.8093280803 29.759590285))","Trinity Bay"
"Menidia beryllina","eats","Insecta",29.741246,-94.827046,,"Dixon, 1974",-13194000000,1652780,1652796,,"larval stage","Literature","Literature",,,,,,,,,,0.08,"POLYGON((-94.8055415573 29.7563529421,-94.8373662229 29.7215064705,-94.8465887643999 29.7321732143999,-94.8173632170999 29.7574550349,-94.8093280803 29.759590285))","Trinity Bay"
"Menidia beryllina","eats","Actinopterygii",29.741246,-94.827046,,"Dixon, 1974",-13194000000,1652780,1652794,,,"Literature","Literature",,,,,,,,,,,"POLYGON((-94.8055415573 29.7563529421,-94.8373662229 29.7215064705,-94.8465887643999 29.7321732143999,-94.8173632170999 29.7574550349,-94.8093280803 29.759590285))","Trinity Bay"
"Menidia beryllina","eats","Plantae",29.741246,-94.827046,,"Dixon, 1974",-13194000000,1652780,1652792,,,"Literature","Literature",,,,,,,,,,0.08,"POLYGON((-94.8055415573 29.7563529421,-94.8373662229 29.7215064705,-94.8465887643999 29.7321732143999,-94.8173632170999 29.7574550349,-94.8093280803 29.759590285))","Trinity Bay"
"Menidia beryllina","eats","Animalia",29.741246,-94.827046,,"Dixon, 1974",-13194000000,1652780,1652790,,"egg","Literature","Literature",,,,,,,,,,0.13,"POLYGON((-94.8055415573 29.7563529421,-94.8373662229 29.7215064705,-94.8465887643999 29.7321732143999,-94.8173632170999 29.7574550349,-94.8093280803 29.759590285))","Trinity Bay"
"Menidia beryllina","eats","Acartia tonsa",29.741246,-94.827046,,"Dixon, 1974",-13194000000,1652780,1652788,,,"Literature","Literature",,,,,,,,,,0.29,"POLYGON((-94.8055415573 29.7563529421,-94.8373662229 29.7215064705,-94.8465887643999 29.7321732143999,-94.8173632170999 29.7574550349,-94.8093280803 29.759590285))","Trinity Bay"
"Menidia beryllina","eats","Cirripedia",29.741246,-94.827046,,"Dixon, 1974",-13194000000,1652780,1652786,,"nauplius stage","Literature","Literature",,,,,,,,,,0.27,"POLYGON((-94.8055415573 29.7563529421,-94.8373662229 29.7215064705,-94.8465887643999 29.7321732143999,-94.8173632170999 29.7574550349,-94.8093280803 29.759590285))","Trinity Bay"
"Menidia beryllina","eats","Polychaeta",29.741246,-94.827046,,"Dixon, 1974",-13194000000,1652780,1652784,,,"Literature","Literature",,,,,,,,,,0.11,"POLYGON((-94.8055415573 29.7563529421,-94.8373662229 29.7215064705,-94.8465887643999 29.7321732143999,-94.8173632170999 29.7574550349,-94.8093280803 29.759590285))","Trinity Bay"
"Menidia beryllina","eats","Insecta",29.741246,-94.827046,,"Dixon, 1974",-13194000000,1652780,1652782,,,"Literature","Literature",,,,,,,,,,0.55,"POLYGON((-94.8055415573 29.7563529421,-94.8373662229 29.7215064705,-94.8465887643999 29.7321732143999,-94.8173632170999 29.7574550349,-94.8093280803 29.759590285))","Trinity Bay"
"Menidia beryllina","eats","Arachnida",29.741246,-94.827046,,"Dixon, 1974",-13194000000,1652936,1652960,,,"Literature","Literature",,,,,,,,,,0.1,"POLYGON((-94.8055415573 29.7563529421,-94.8373662229 29.7215064705,-94.8465887643999 29.7321732143999,-94.8173632170999 29.7574550349,-94.8093280803 29.759590285))","Trinity Bay"
"Menidia beryllina","eats","Amphipoda",29.741246,-94.827046,,"Dixon, 1974",-13194000000,1652936,1652958,,,"Literature","Literature",,,,,,,,,,,"POLYGON((-94.8055415573 29.7563529421,-94.8373662229 29.7215064705,-94.8465887643999 29.7321732143999,-94.8173632170999 29.7574550349,-94.8093280803 29.759590285))","Trinity Bay"
"Menidia beryllina","eats","Cyclopoida",29.741246,-94.827046,,"Dixon, 1974",-13194000000,1652936,1652956,,,"Literature","Literature",,,,,,,,,,0.08,"POLYGON((-94.8055415573 29.7563529421,-94.8373662229 29.7215064705,-94.8465887643999 29.7321732143999,-94.8173632170999 29.7574550349,-94.8093280803 29.759590285))","Trinity Bay"
"Menidia beryllina","eats","Harpacticoida",29.741246,-94.827046,,"Dixon, 1974",-13194000000,1652936,1652954,,,"Literature","Literature",,,,,,,,,,0.4,"POLYGON((-94.8055415573 29.7563529421,-94.8373662229 29.7215064705,-94.8465887643999 29.7321732143999,-94.8173632170999 29.7574550349,-94.8093280803 29.759590285))","Trinity Bay"
"Menidia beryllina","eats","Insecta",29.741246,-94.827046,,"Dixon, 1974",-13194000000,1652936,1652952,,"larval stage","Literature","Literature",,,,,,,,,,0.07,"POLYGON((-94.8055415573 29.7563529421,-94.8373662229 29.7215064705,-94.8465887643999 29.7321732143999,-94.8173632170999 29.7574550349,-94.8093280803 29.759590285))","Trinity Bay"
"Menidia beryllina","eats","Actinopterygii",29.741246,-94.827046,,"Dixon, 1974",-13194000000,1652936,1652950,,,"Literature","Literature",,,,,,,,,,,"POLYGON((-94.8055415573 29.7563529421,-94.8373662229 29.7215064705,-94.8465887643999 29.7321732143999,-94.8173632170999 29.7574550349,-94.8093280803 29.759590285))","Trinity Bay"
"Menidia beryllina","eats","Plantae",29.741246,-94.827046,,"Dixon, 1974",-13194000000,1652936,1652948,,,"Literature","Literature",,,,,,,,,,0.28,"POLYGON((-94.8055415573 29.7563529421,-94.8373662229 29.7215064705,-94.8465887643999 29.7321732143999,-94.8173632170999 29.7574550349,-94.8093280803 29.759590285))","Trinity Bay"
"Menidia beryllina","eats","Animalia",29.741246,-94.827046,,"Dixon, 1974",-13194000000,1652936,1652946,,"egg","Literature","Literature",,,,,,,,,,0.18,"POLYGON((-94.8055415573 29.7563529421,-94.8373662229 29.7215064705,-94.8465887643999 29.7321732143999,-94.8173632170999 29.7574550349,-94.8093280803 29.759590285))","Trinity Bay"
"Menidia beryllina","eats","Acartia tonsa",29.741246,-94.827046,,"Dixon, 1974",-13194000000,1652936,1652944,,,"Literature","Literature",,,,,,,,,,0.65,"POLYGON((-94.8055415573 29.7563529421,-94.8373662229 29.7215064705,-94.8465887643999 29.7321732143999,-94.8173632170999 29.7574550349,-94.8093280803 29.759590285))","Trinity Bay"
"Menidia beryllina","eats","Cirripedia",29.741246,-94.827046,,"Dixon, 1974",-13194000000,1652936,1652942,,"nauplius stage","Literature","Literature",,,,,,,,,,0.35,"POLYGON((-94.8055415573 29.7563529421,-94.8373662229 29.7215064705,-94.8465887643999 29.7321732143999,-94.8173632170999 29.7574550349,-94.8093280803 29.759590285))","Trinity Bay"
"Menidia beryllina","eats","Polychaeta",29.741246,-94.827046,,"Dixon, 1974",-13194000000,1652936,1652940,,,"Literature","Literature",,,,,,,,,,0.2,"POLYGON((-94.8055415573 29.7563529421,-94.8373662229 29.7215064705,-94.8465887643999 29.7321732143999,-94.8173632170999 29.7574550349,-94.8093280803 29.759590285))","Trinity Bay"
"Menidia beryllina","eats","Insecta",29.741246,-94.827046,,"Dixon, 1974",-13194000000,1652936,1652938,,,"Literature","Literature",,,,,,,,,,0.41,"POLYGON((-94.8055415573 29.7563529421,-94.8373662229 29.7215064705,-94.8465887643999 29.7321732143999,-94.8173632170999 29.7574550349,-94.8093280803 29.759590285))","Trinity Bay"
"Menidia beryllina","eats","Arachnida",29.696252,-94.945383,,"Dixon, 1974",-13194000000,1652962,1652986,,,"Literature","Literature",,,,,,,,,,0.1,"POLYGON((-94.9392419968 29.6946376179,-94.9485457204 29.6914047902999,-94.9515233897 29.6973126345,-94.942649711 29.7014686300999))","Tabbs Bay"
"Menidia beryllina","eats","Amphipoda",29.696252,-94.945383,,"Dixon, 1974",-13194000000,1652962,1652984,,,"Literature","Literature",,,,,,,,,,,"POLYGON((-94.9392419968 29.6946376179,-94.9485457204 29.6914047902999,-94.9515233897 29.6973126345,-94.942649711 29.7014686300999))","Tabbs Bay"
"Menidia beryllina","eats","Cyclopoida",29.696252,-94.945383,,"Dixon, 1974",-13194000000,1652962,1652982,,,"Literature","Literature",,,,,,,,,,0.08,"POLYGON((-94.9392419968 29.6946376179,-94.9485457204 29.6914047902999,-94.9515233897 29.6973126345,-94.942649711 29.7014686300999))","Tabbs Bay"
"Menidia beryllina","eats","Harpacticoida",29.696252,-94.945383,,"Dixon, 1974",-13194000000,1652962,1652980,,,"Literature","Literature",,,,,,,,,,0.4,"POLYGON((-94.9392419968 29.6946376179,-94.9485457204 29.6914047902999,-94.9515233897 29.6973126345,-94.942649711 29.7014686300999))","Tabbs Bay"
"Menidia beryllina","eats","Insecta",29.696252,-94.945383,,"Dixon, 1974",-13194000000,1652962,1652978,,"larval stage","Literature","Literature",,,,,,,,,,0.07,"POLYGON((-94.9392419968 29.6946376179,-94.9485457204 29.6914047902999,-94.9515233897 29.6973126345,-94.942649711 29.7014686300999))","Tabbs Bay"
"Menidia beryllina","eats","Actinopterygii",29.696252,-94.945383,,"Dixon, 1974",-13194000000,1652962,1652976,,,"Literature","Literature",,,,,,,,,,,"POLYGON((-94.9392419968 29.6946376179,-94.9485457204 29.6914047902999,-94.9515233897 29.6973126345,-94.942649711 29.7014686300999))","Tabbs Bay"
"Menidia beryllina","eats","Plantae",29.696252,-94.945383,,"Dixon, 1974",-13194000000,1652962,1652974,,,"Literature","Literature",,,,,,,,,,0.28,"POLYGON((-94.9392419968 29.6946376179,-94.9485457204 29.6914047902999,-94.9515233897 29.6973126345,-94.942649711 29.7014686300999))","Tabbs Bay"
"Menidia beryllina","eats","Animalia",29.696252,-94.945383,,"Dixon, 1974",-13194000000,1652962,1652972,,"egg","Literature","Literature",,,,,,,,,,0.18,"POLYGON((-94.9392419968 29.6946376179,-94.9485457204 29.6914047902999,-94.9515233897 29.6973126345,-94.942649711 29.7014686300999))","Tabbs Bay"
"Menidia beryllina","eats","Acartia tonsa",29.696252,-94.945383,,"Dixon, 1974",-13194000000,1652962,1652970,,,"Literature","Literature",,,,,,,,,,0.65,"POLYGON((-94.9392419968 29.6946376179,-94.9485457204 29.6914047902999,-94.9515233897 29.6973126345,-94.942649711 29.7014686300999))","Tabbs Bay"
"Menidia beryllina","eats","Cirripedia",29.696252,-94.945383,,"Dixon, 1974",-13194000000,1652962,1652968,,"nauplius stage","Literature","Literature",,,,,,,,,,0.35,"POLYGON((-94.9392419968 29.6946376179,-94.9485457204 29.6914047902999,-94.9515233897 29.6973126345,-94.942649711 29.7014686300999))","Tabbs Bay"
"Menidia beryllina","eats","Polychaeta",29.696252,-94.945383,,"Dixon, 1974",-13194000000,1652962,1652966,,,"Literature","Literature",,,,,,,,,,0.2,"POLYGON((-94.9392419968 29.6946376179,-94.9485457204 29.6914047902999,-94.9515233897 29.6973126345,-94.942649711 29.7014686300999))","Tabbs Bay"
"Menidia beryllina","eats","Insecta",29.696252,-94.945383,,"Dixon, 1974",-13194000000,1652962,1652964,,,"Literature","Literature",,,,,,,,,,0.41,"POLYGON((-94.9392419968 29.6946376179,-94.9485457204 29.6914047902999,-94.9515233897 29.6973126345,-94.942649711 29.7014686300999))","Tabbs Bay"
"Menidia beryllina","eats","Arachnida",29.696252,-94.945383,,"Dixon, 1974",-13194000000,1652884,1652908,,,"Literature","Literature",,,,,,,,,,0.5,"POLYGON((-94.9392419968 29.6946376179,-94.9485457204 29.6914047902999,-94.9515233897 29.6973126345,-94.942649711 29.7014686300999))","Tabbs Bay"
"Menidia beryllina","eats","Amphipoda",29.696252,-94.945383,,"Dixon, 1974",-13194000000,1652884,1652906,,,"Literature","Literature",,,,,,,,,,,"POLYGON((-94.9392419968 29.6946376179,-94.9485457204 29.6914047902999,-94.9515233897 29.6973126345,-94.942649711 29.7014686300999))","Tabbs Bay"
"Menidia beryllina","eats","Cyclopoida",29.696252,-94.945383,,"Dixon, 1974",-13194000000,1652884,1652904,,,"Literature","Literature",,,,,,,,,,,"POLYGON((-94.9392419968 29.6946376179,-94.9485457204 29.6914047902999,-94.9515233897 29.6973126345,-94.942649711 29.7014686300999))","Tabbs Bay"
"Menidia beryllina","eats","Harpacticoida",29.696252,-94.945383,,"Dixon, 1974",-13194000000,1652884,1652902,,,"Literature","Literature",,,,,,,,,,,"POLYGON((-94.9392419968 29.6946376179,-94.9485457204 29.6914047902999,-94.9515233897 29.6973126345,-94.942649711 29.7014686300999))","Tabbs Bay"
"Menidia beryllina","eats","Insecta",29.696252,-94.945383,,"Dixon, 1974",-13194000000,1652884,1652900,,"larval stage","Literature","Literature",,,,,,,,,,0.72,"POLYGON((-94.9392419968 29.6946376179,-94.9485457204 29.6914047902999,-94.9515233897 29.6973126345,-94.942649711 29.7014686300999))","Tabbs Bay"
"Menidia beryllina","eats","Actinopterygii",29.696252,-94.945383,,"Dixon, 1974",-13194000000,1652884,1652898,,,"Literature","Literature",,,,,,,,,,,"POLYGON((-94.9392419968 29.6946376179,-94.9485457204 29.6914047902999,-94.9515233897 29.6973126345,-94.942649711 29.7014686300999))","Tabbs Bay"
"Menidia beryllina","eats","Plantae",29.696252,-94.945383,,"Dixon, 1974",-13194000000,1652884,1652896,,,"Literature","Literature",,,,,,,,,,,"POLYGON((-94.9392419968 29.6946376179,-94.9485457204 29.6914047902999,-94.9515233897 29.6973126345,-94.942649711 29.7014686300999))","Tabbs Bay"
"Menidia beryllina","eats","Animalia",29.696252,-94.945383,,"Dixon, 1974",-13194000000,1652884,1652894,,"egg","Literature","Literature",,,,,,,,,,,"POLYGON((-94.9392419968 29.6946376179,-94.9485457204 29.6914047902999,-94.9515233897 29.6973126345,-94.942649711 29.7014686300999))","Tabbs Bay"
"Menidia beryllina","eats","Acartia tonsa",29.696252,-94.945383,,"Dixon, 1974",-13194000000,1652884,1652892,,,"Literature","Literature",,,,,,,,,,0.51,"POLYGON((-94.9392419968 29.6946376179,-94.9485457204 29.6914047902999,-94.9515233897 29.6973126345,-94.942649711 29.7014686300999))","Tabbs Bay"
"Menidia beryllina","eats","Cirripedia",29.696252,-94.945383,,"Dixon, 1974",-13194000000,1652884,1652890,,"nauplius stage","Literature","Literature",,,,,,,,,,,"POLYGON((-94.9392419968 29.6946376179,-94.9485457204 29.6914047902999,-94.9515233897 29.6973126345,-94.942649711 29.7014686300999))","Tabbs Bay"
"Menidia beryllina","eats","Polychaeta",29.696252,-94.945383,,"Dixon, 1974",-13194000000,1652884,1652888,,,"Literature","Literature",,,,,,,,,,0.51,"POLYGON((-94.9392419968 29.6946376179,-94.9485457204 29.6914047902999,-94.9515233897 29.6973126345,-94.942649711 29.7014686300999))","Tabbs Bay"
"Menidia beryllina","eats","Insecta",29.696252,-94.945383,,"Dixon, 1974",-13194000000,1652884,1652886,,,"Literature","Literature",,,,,,,,,,0.25,"POLYGON((-94.9392419968 29.6946376179,-94.9485457204 29.6914047902999,-94.9515233897 29.6973126345,-94.942649711 29.7014686300999))","Tabbs Bay"
"Menidia beryllina","eats","Arachnida",29.767257,-94.78913,,"Dixon, 1974",-13194000000,1652910,1652934,,,"Literature","Literature",,,,,,,,,,0.5,"POLYGON((-94.7995425799 29.7552287152,-94.8072562583 29.7623739414,-94.7800745011 29.7790989312999,-94.7705838126999 29.7719173406))","Trinity Bay"
"Menidia beryllina","eats","Amphipoda",29.767257,-94.78913,,"Dixon, 1974",-13194000000,1652910,1652932,,,"Literature","Literature",,,,,,,,,,,"POLYGON((-94.7995425799 29.7552287152,-94.8072562583 29.7623739414,-94.7800745011 29.7790989312999,-94.7705838126999 29.7719173406))","Trinity Bay"
"Menidia beryllina","eats","Cyclopoida",29.767257,-94.78913,,"Dixon, 1974",-13194000000,1652910,1652930,,,"Literature","Literature",,,,,,,,,,,"POLYGON((-94.7995425799 29.7552287152,-94.8072562583 29.7623739414,-94.7800745011 29.7790989312999,-94.7705838126999 29.7719173406))","Trinity Bay"
"Menidia beryllina","eats","Harpacticoida",29.767257,-94.78913,,"Dixon, 1974",-13194000000,1652910,1652928,,,"Literature","Literature",,,,,,,,,,,"POLYGON((-94.7995425799 29.7552287152,-94.8072562583 29.7623739414,-94.7800745011 29.7790989312999,-94.7705838126999 29.7719173406))","Trinity Bay"
"Menidia beryllina","eats","Insecta",29.767257,-94.78913,,"Dixon, 1974",-13194000000,1652910,1652926,,"larval stage","Literature","Literature",,,,,,,,,,0.72,"POLYGON((-94.7995425799 29.7552287152,-94.8072562583 29.7623739414,-94.7800745011 29.7790989312999,-94.7705838126999 29.7719173406))","Trinity Bay"
"Menidia beryllina","eats","Actinopterygii",29.767257,-94.78913,,"Dixon, 1974",-13194000000,1652910,1652924,,,"Literature","Literature",,,,,,,,,,,"POLYGON((-94.7995425799 29.7552287152,-94.8072562583 29.7623739414,-94.7800745011 29.7790989312999,-94.7705838126999 29.7719173406))","Trinity Bay"
"Menidia beryllina","eats","Plantae",29.767257,-94.78913,,"Dixon, 1974",-13194000000,1652910,1652922,,,"Literature","Literature",,,,,,,,,,,"POLYGON((-94.7995425799 29.7552287152,-94.8072562583 29.7623739414,-94.7800745011 29.7790989312999,-94.7705838126999 29.7719173406))","Trinity Bay"
"Menidia beryllina","eats","Animalia",29.767257,-94.78913,,"Dixon, 1974",-13194000000,1652910,1652920,,"egg","Literature","Literature",,,,,,,,,,,"POLYGON((-94.7995425799 29.7552287152,-94.8072562583 29.7623739414,-94.7800745011 29.7790989312999,-94.7705838126999 29.7719173406))","Trinity Bay"
"Menidia beryllina","eats","Acartia tonsa",29.767257,-94.78913,,"Dixon, 1974",-13194000000,1652910,1652918,,,"Literature","Literature",,,,,,,,,,0.51,"POLYGON((-94.7995425799 29.7552287152,-94.8072562583 29.7623739414,-94.7800745011 29.7790989312999,-94.7705838126999 29.7719173406))","Trinity Bay"
"Menidia beryllina","eats","Cirripedia",29.767257,-94.78913,,"Dixon, 1974",-13194000000,1652910,1652916,,"nauplius stage","Literature","Literature",,,,,,,,,,,"POLYGON((-94.7995425799 29.7552287152,-94.8072562583 29.7623739414,-94.7800745011 29.7790989312999,-94.7705838126999 29.7719173406))","Trinity Bay"
"Menidia beryllina","eats","Polychaeta",29.767257,-94.78913,,"Dixon, 1974",-13194000000,1652910,1652914,,,"Literature","Literature",,,,,,,,,,0.51,"POLYGON((-94.7995425799 29.7552287152,-94.8072562583 29.7623739414,-94.7800745011 29.7790989312999,-94.7705838126999 29.7719173406))","Trinity Bay"
"Menidia beryllina","eats","Insecta",29.767257,-94.78913,,"Dixon, 1974",-13194000000,1652910,1652912,,,"Literature","Literature",,,,,,,,,,0.25,"POLYGON((-94.7995425799 29.7552287152,-94.8072562583 29.7623739414,-94.7800745011 29.7790989312999,-94.7705838126999 29.7719173406))","Trinity Bay"
"Menidia beryllina","eats","Arachnida",29.741246,-94.827046,,"Dixon, 1974",-13194000000,1654700,1654724,,,"Literature","Literature",,,,,,,,,,,"POLYGON((-94.8055415573 29.7563529421,-94.8373662229 29.7215064705,-94.8465887643999 29.7321732143999,-94.8173632170999 29.7574550349,-94.8093280803 29.759590285))","Trinity Bay"
"Menidia beryllina","eats","Amphipoda",29.741246,-94.827046,,"Dixon, 1974",-13194000000,1654700,1654722,,,"Literature","Literature",,,,,,,,,,,"POLYGON((-94.8055415573 29.7563529421,-94.8373662229 29.7215064705,-94.8465887643999 29.7321732143999,-94.8173632170999 29.7574550349,-94.8093280803 29.759590285))","Trinity Bay"
"Menidia beryllina","eats","Cyclopoida",29.741246,-94.827046,,"Dixon, 1974",-13194000000,1654700,1654720,,,"Literature","Literature",,,,,,,,,,,"POLYGON((-94.8055415573 29.7563529421,-94.8373662229 29.7215064705,-94.8465887643999 29.7321732143999,-94.8173632170999 29.7574550349,-94.8093280803 29.759590285))","Trinity Bay"
"Menidia beryllina","eats","Harpacticoida",29.741246,-94.827046,,"Dixon, 1974",-13194000000,1654700,1654718,,,"Literature","Literature",,,,,,,,,,,"POLYGON((-94.8055415573 29.7563529421,-94.8373662229 29.7215064705,-94.8465887643999 29.7321732143999,-94.8173632170999 29.7574550349,-94.8093280803 29.759590285))","Trinity Bay"
"Menidia beryllina","eats","Insecta",29.741246,-94.827046,,"Dixon, 1974",-13194000000,1654700,1654716,,"larval stage","Literature","Literature",,,,,,,,,,,"POLYGON((-94.8055415573 29.7563529421,-94.8373662229 29.7215064705,-94.8465887643999 29.7321732143999,-94.8173632170999 29.7574550349,-94.8093280803 29.759590285))","Trinity Bay"
"Menidia beryllina","eats","Actinopterygii",29.741246,-94.827046,,"Dixon, 1974",-13194000000,1654700,1654714,,,"Literature","Literature",,,,,,,,,,0.58,"POLYGON((-94.8055415573 29.7563529421,-94.8373662229 29.7215064705,-94.8465887643999 29.7321732143999,-94.8173632170999 29.7574550349,-94.8093280803 29.759590285))","Trinity Bay"
"Menidia beryllina","eats","Plantae",29.741246,-94.827046,,"Dixon, 1974",-13194000000,1654700,1654712,,,"Literature","Literature",,,,,,,,,,0.08,"POLYGON((-94.8055415573 29.7563529421,-94.8373662229 29.7215064705,-94.8465887643999 29.7321732143999,-94.8173632170999 29.7574550349,-94.8093280803 29.759590285))","Trinity Bay"
"Menidia beryllina","eats","Animalia",29.741246,-94.827046,,"Dixon, 1974",-13194000000,1654700,1654710,,"egg","Literature","Literature",,,,,,,,,,,"POLYGON((-94.8055415573 29.7563529421,-94.8373662229 29.7215064705,-94.8465887643999 29.7321732143999,-94.8173632170999 29.7574550349,-94.8093280803 29.759590285))","Trinity Bay"
"Menidia beryllina","eats","Acartia tonsa",29.741246,-94.827046,,"Dixon, 1974",-13194000000,1654700,1654708,,,"Literature","Literature",,,,,,,,,,,"POLYGON((-94.8055415573 29.7563529421,-94.8373662229 29.7215064705,-94.8465887643999 29.7321732143999,-94.8173632170999 29.7574550349,-94.8093280803 29.759590285))","Trinity Bay"
"Menidia beryllina","eats","Cirripedia",29.741246,-94.827046,,"Dixon, 1974",-13194000000,1654700,1654706,,"nauplius stage","Literature","Literature",,,,,,,,,,,"POLYGON((-94.8055415573 29.7563529421,-94.8373662229 29.7215064705,-94.8465887643999 29.7321732143999,-94.8173632170999 29.7574550349,-94.8093280803 29.759590285))","Trinity Bay"
"Menidia beryllina","eats","Polychaeta",29.741246,-94.827046,,"Dixon, 1974",-13194000000,1654700,1654704,,,"Literature","Literature",,,,,,,,,,0.18,"POLYGON((-94.8055415573 29.7563529421,-94.8373662229 29.7215064705,-94.8465887643999 29.7321732143999,-94.8173632170999 29.7574550349,-94.8093280803 29.759590285))","Trinity Bay"
"Menidia beryllina","eats","Insecta",29.741246,-94.827046,,"Dixon, 1974",-13194000000,1654700,1654702,,,"Literature","Literature",,,,,,,,,,,"POLYGON((-94.8055415573 29.7563529421,-94.8373662229 29.7215064705,-94.8465887643999 29.7321732143999,-94.8173632170999 29.7574550349,-94.8093280803 29.759590285))","Trinity Bay"
"Menidia beryllina","eats","Arachnida",29.767257,-94.78913,,"Dixon, 1974",-13194000000,1654656,1654680,,,"Literature","Literature",,,,,,,,,,,"POLYGON((-94.7995425799 29.7552287152,-94.8072562583 29.7623739414,-94.7800745011 29.7790989312999,-94.7705838126999 29.7719173406))","Trinity Bay"
"Menidia beryllina","eats","Amphipoda",29.767257,-94.78913,,"Dixon, 1974",-13194000000,1654656,1654678,,,"Literature","Literature",,,,,,,,,,,"POLYGON((-94.7995425799 29.7552287152,-94.8072562583 29.7623739414,-94.7800745011 29.7790989312999,-94.7705838126999 29.7719173406))","Trinity Bay"
"Menidia beryllina","eats","Cyclopoida",29.767257,-94.78913,,"Dixon, 1974",-13194000000,1654656,1654676,,,"Literature","Literature",,,,,,,,,,,"POLYGON((-94.7995425799 29.7552287152,-94.8072562583 29.7623739414,-94.7800745011 29.7790989312999,-94.7705838126999 29.7719173406))","Trinity Bay"
"Menidia beryllina","eats","Harpacticoida",29.767257,-94.78913,,"Dixon, 1974",-13194000000,1654656,1654674,,,"Literature","Literature",,,,,,,,,,,"POLYGON((-94.7995425799 29.7552287152,-94.8072562583 29.7623739414,-94.7800745011 29.7790989312999,-94.7705838126999 29.7719173406))","Trinity Bay"
"Menidia beryllina","eats","Insecta",29.767257,-94.78913,,"Dixon, 1974",-13194000000,1654656,1654672,,"larval stage","Literature","Literature",,,,,,,,,,,"POLYGON((-94.7995425799 29.7552287152,-94.8072562583 29.7623739414,-94.7800745011 29.7790989312999,-94.7705838126999 29.7719173406))","Trinity Bay"
"Menidia beryllina","eats","Actinopterygii",29.767257,-94.78913,,"Dixon, 1974",-13194000000,1654656,1654670,,,"Literature","Literature",,,,,,,,,,,"POLYGON((-94.7995425799 29.7552287152,-94.8072562583 29.7623739414,-94.7800745011 29.7790989312999,-94.7705838126999 29.7719173406))","Trinity Bay"
"Menidia beryllina","eats","Plantae",29.767257,-94.78913,,"Dixon, 1974",-13194000000,1654656,1654668,,,"Literature","Literature",,,,,,,,,,0.41,"POLYGON((-94.7995425799 29.7552287152,-94.8072562583 29.7623739414,-94.7800745011 29.7790989312999,-94.7705838126999 29.7719173406))","Trinity Bay"
"Menidia beryllina","eats","Animalia",29.767257,-94.78913,,"Dixon, 1974",-13194000000,1654656,1654666,,"egg","Literature","Literature",,,,,,,,,,,"POLYGON((-94.7995425799 29.7552287152,-94.8072562583 29.7623739414,-94.7800745011 29.7790989312999,-94.7705838126999 29.7719173406))","Trinity Bay"
"Menidia beryllina","eats","Acartia tonsa",29.767257,-94.78913,,"Dixon, 1974",-13194000000,1654656,1654664,,,"Literature","Literature",,,,,,,,,,0.81,"POLYGON((-94.7995425799 29.7552287152,-94.8072562583 29.7623739414,-94.7800745011 29.7790989312999,-94.7705838126999 29.7719173406))","Trinity Bay"
"Menidia beryllina","eats","Cirripedia",29.767257,-94.78913,,"Dixon, 1974",-13194000000,1654656,1654662,,"nauplius stage","Literature","Literature",,,,,,,,,,,"POLYGON((-94.7995425799 29.7552287152,-94.8072562583 29.7623739414,-94.7800745011 29.7790989312999,-94.7705838126999 29.7719173406))","Trinity Bay"
"Menidia beryllina","eats","Polychaeta",29.767257,-94.78913,,"Dixon, 1974",-13194000000,1654656,1654660,,,"Literature","Literature",,,,,,,,,,,"POLYGON((-94.7995425799 29.7552287152,-94.8072562583 29.7623739414,-94.7800745011 29.7790989312999,-94.7705838126999 29.7719173406))","Trinity Bay"
"Menidia beryllina","eats","Insecta",29.767257,-94.78913,,"Dixon, 1974",-13194000000,1654656,1654658,,,"Literature","Literature",,,,,,,,,,0.28,"POLYGON((-94.7995425799 29.7552287152,-94.8072562583 29.7623739414,-94.7800745011 29.7790989312999,-94.7705838126999 29.7719173406))","Trinity Bay"
"Menidia beryllina","eats","Arachnida",29.741246,-94.827046,,"Dixon, 1974",-13194000000,1654778,1654802,,,"Literature","Literature",,,,,,,,,,,"POLYGON((-94.8055415573 29.7563529421,-94.8373662229 29.7215064705,-94.8465887643999 29.7321732143999,-94.8173632170999 29.7574550349,-94.8093280803 29.759590285))","Trinity Bay"
"Menidia beryllina","eats","Amphipoda",29.741246,-94.827046,,"Dixon, 1974",-13194000000,1654778,1654800,,,"Literature","Literature",,,,,,,,,,0.07,"POLYGON((-94.8055415573 29.7563529421,-94.8373662229 29.7215064705,-94.8465887643999 29.7321732143999,-94.8173632170999 29.7574550349,-94.8093280803 29.759590285))","Trinity Bay"
"Menidia beryllina","eats","Cyclopoida",29.741246,-94.827046,,"Dixon, 1974",-13194000000,1654778,1654798,,,"Literature","Literature",,,,,,,,,,,"POLYGON((-94.8055415573 29.7563529421,-94.8373662229 29.7215064705,-94.8465887643999 29.7321732143999,-94.8173632170999 29.7574550349,-94.8093280803 29.759590285))","Trinity Bay"
"Menidia beryllina","eats","Harpacticoida",29.741246,-94.827046,,"Dixon, 1974",-13194000000,1654778,1654796,,,"Literature","Literature",,,,,,,,,,,"POLYGON((-94.8055415573 29.7563529421,-94.8373662229 29.7215064705,-94.8465887643999 29.7321732143999,-94.8173632170999 29.7574550349,-94.8093280803 29.759590285))","Trinity Bay"
"Menidia beryllina","eats","Insecta",29.741246,-94.827046,,"Dixon, 1974",-13194000000,1654778,1654794,,"larval stage","Literature","Literature",,,,,,,,,,,"POLYGON((-94.8055415573 29.7563529421,-94.8373662229 29.7215064705,-94.8465887643999 29.7321732143999,-94.8173632170999 29.7574550349,-94.8093280803 29.759590285))","Trinity Bay"
"Menidia beryllina","eats","Actinopterygii",29.741246,-94.827046,,"Dixon, 1974",-13194000000,1654778,1654792,,,"Literature","Literature",,,,,,,,,,0.15,"POLYGON((-94.8055415573 29.7563529421,-94.8373662229 29.7215064705,-94.8465887643999 29.7321732143999,-94.8173632170999 29.7574550349,-94.8093280803 29.759590285))","Trinity Bay"
"Menidia beryllina","eats","Plantae",29.741246,-94.827046,,"Dixon, 1974",-13194000000,1654778,1654790,,,"Literature","Literature",,,,,,,,,,,"POLYGON((-94.8055415573 29.7563529421,-94.8373662229 29.7215064705,-94.8465887643999 29.7321732143999,-94.8173632170999 29.7574550349,-94.8093280803 29.759590285))","Trinity Bay"
"Menidia beryllina","eats","Animalia",29.741246,-94.827046,,"Dixon, 1974",-13194000000,1654778,1654788,,"egg","Literature","Literature",,,,,,,,,,,"POLYGON((-94.8055415573 29.7563529421,-94.8373662229 29.7215064705,-94.8465887643999 29.7321732143999,-94.8173632170999 29.7574550349,-94.8093280803 29.759590285))","Trinity Bay"
"Menidia beryllina","eats","Acartia tonsa",29.741246,-94.827046,,"Dixon, 1974",-13194000000,1654778,1654786,,,"Literature","Literature",,,,,,,,,,,"POLYGON((-94.8055415573 29.7563529421,-94.8373662229 29.7215064705,-94.8465887643999 29.7321732143999,-94.8173632170999 29.7574550349,-94.8093280803 29.759590285))","Trinity Bay"
"Menidia beryllina","eats","Cirripedia",29.741246,-94.827046,,"Dixon, 1974",-13194000000,1654778,1654784,,"nauplius stage","Literature","Literature",,,,,,,,,,,"POLYGON((-94.8055415573 29.7563529421,-94.8373662229 29.7215064705,-94.8465887643999 29.7321732143999,-94.8173632170999 29.7574550349,-94.8093280803 29.759590285))","Trinity Bay"
"Menidia beryllina","eats","Polychaeta",29.741246,-94.827046,,"Dixon, 1974",-13194000000,1654778,1654782,,,"Literature","Literature",,,,,,,,,,0.7,"POLYGON((-94.8055415573 29.7563529421,-94.8373662229 29.7215064705,-94.8465887643999 29.7321732143999,-94.8173632170999 29.7574550349,-94.8093280803 29.759590285))","Trinity Bay"
"Menidia beryllina","eats","Insecta",29.741246,-94.827046,,"Dixon, 1974",-13194000000,1654778,1654780,,,"Literature","Literature",,,,,,,,,,0.09,"POLYGON((-94.8055415573 29.7563529421,-94.8373662229 29.7215064705,-94.8465887643999 29.7321732143999,-94.8173632170999 29.7574550349,-94.8093280803 29.759590285))","Trinity Bay"
"Menidia beryllina","eats","Arachnida",29.767257,-94.78913,,"Dixon, 1974",-13194000000,1654752,1654776,,,"Literature","Literature",,,,,,,,,,,"POLYGON((-94.7995425799 29.7552287152,-94.8072562583 29.7623739414,-94.7800745011 29.7790989312999,-94.7705838126999 29.7719173406))","Trinity Bay"
"Menidia beryllina","eats","Amphipoda",29.767257,-94.78913,,"Dixon, 1974",-13194000000,1654752,1654774,,,"Literature","Literature",,,,,,,,,,,"POLYGON((-94.7995425799 29.7552287152,-94.8072562583 29.7623739414,-94.7800745011 29.7790989312999,-94.7705838126999 29.7719173406))","Trinity Bay"
"Menidia beryllina","eats","Cyclopoida",29.767257,-94.78913,,"Dixon, 1974",-13194000000,1654752,1654772,,,"Literature","Literature",,,,,,,,,,,"POLYGON((-94.7995425799 29.7552287152,-94.8072562583 29.7623739414,-94.7800745011 29.7790989312999,-94.7705838126999 29.7719173406))","Trinity Bay"
"Menidia beryllina","eats","Harpacticoida",29.767257,-94.78913,,"Dixon, 1974",-13194000000,1654752,1654770,,,"Literature","Literature",,,,,,,,,,,"POLYGON((-94.7995425799 29.7552287152,-94.8072562583 29.7623739414,-94.7800745011 29.7790989312999,-94.7705838126999 29.7719173406))","Trinity Bay"
"Menidia beryllina","eats","Insecta",29.767257,-94.78913,,"Dixon, 1974",-13194000000,1654752,1654768,,"larval stage","Literature","Literature",,,,,,,,,,,"POLYGON((-94.7995425799 29.7552287152,-94.8072562583 29.7623739414,-94.7800745011 29.7790989312999,-94.7705838126999 29.7719173406))","Trinity Bay"
"Menidia beryllina","eats","Actinopterygii",29.767257,-94.78913,,"Dixon, 1974",-13194000000,1654752,1654766,,,"Literature","Literature",,,,,,,,,,0.58,"POLYGON((-94.7995425799 29.7552287152,-94.8072562583 29.7623739414,-94.7800745011 29.7790989312999,-94.7705838126999 29.7719173406))","Trinity Bay"
"Menidia beryllina","eats","Plantae",29.767257,-94.78913,,"Dixon, 1974",-13194000000,1654752,1654764,,,"Literature","Literature",,,,,,,,,,0.08,"POLYGON((-94.7995425799 29.7552287152,-94.8072562583 29.7623739414,-94.7800745011 29.7790989312999,-94.7705838126999 29.7719173406))","Trinity Bay"
"Menidia beryllina","eats","Animalia",29.767257,-94.78913,,"Dixon, 1974",-13194000000,1654752,1654762,,"egg","Literature","Literature",,,,,,,,,,,"POLYGON((-94.7995425799 29.7552287152,-94.8072562583 29.7623739414,-94.7800745011 29.7790989312999,-94.7705838126999 29.7719173406))","Trinity Bay"
"Menidia beryllina","eats","Acartia tonsa",29.767257,-94.78913,,"Dixon, 1974",-13194000000,1654752,1654760,,,"Literature","Literature",,,,,,,,,,,"POLYGON((-94.7995425799 29.7552287152,-94.8072562583 29.7623739414,-94.7800745011 29.7790989312999,-94.7705838126999 29.7719173406))","Trinity Bay"
"Menidia beryllina","eats","Cirripedia",29.767257,-94.78913,,"Dixon, 1974",-13194000000,1654752,1654758,,"nauplius stage","Literature","Literature",,,,,,,,,,,"POLYGON((-94.7995425799 29.7552287152,-94.8072562583 29.7623739414,-94.7800745011 29.7790989312999,-94.7705838126999 29.7719173406))","Trinity Bay"
"Menidia beryllina","eats","Polychaeta",29.767257,-94.78913,,"Dixon, 1974",-13194000000,1654752,1654756,,,"Literature","Literature",,,,,,,,,,0.18,"POLYGON((-94.7995425799 29.7552287152,-94.8072562583 29.7623739414,-94.7800745011 29.7790989312999,-94.7705838126999 29.7719173406))","Trinity Bay"
"Menidia beryllina","eats","Insecta",29.767257,-94.78913,,"Dixon, 1974",-13194000000,1654752,1654754,,,"Literature","Literature",,,,,,,,,,,"POLYGON((-94.7995425799 29.7552287152,-94.8072562583 29.7623739414,-94.7800745011 29.7790989312999,-94.7705838126999 29.7719173406))","Trinity Bay"
"Menidia beryllina","eats","Arachnida",29.696252,-94.945383,,"Dixon, 1974",-13194000000,1654726,1654750,,,"Literature","Literature",,,,,,,,,,,"POLYGON((-94.9392419968 29.6946376179,-94.9485457204 29.6914047902999,-94.9515233897 29.6973126345,-94.942649711 29.7014686300999))","Tabbs Bay"
"Menidia beryllina","eats","Amphipoda",29.696252,-94.945383,,"Dixon, 1974",-13194000000,1654726,1654748,,,"Literature","Literature",,,,,,,,,,,"POLYGON((-94.9392419968 29.6946376179,-94.9485457204 29.6914047902999,-94.9515233897 29.6973126345,-94.942649711 29.7014686300999))","Tabbs Bay"
"Menidia beryllina","eats","Cyclopoida",29.696252,-94.945383,,"Dixon, 1974",-13194000000,1654726,1654746,,,"Literature","Literature",,,,,,,,,,,"POLYGON((-94.9392419968 29.6946376179,-94.9485457204 29.6914047902999,-94.9515233897 29.6973126345,-94.942649711 29.7014686300999))","Tabbs Bay"
"Menidia beryllina","eats","Harpacticoida",29.696252,-94.945383,,"Dixon, 1974",-13194000000,1654726,1654744,,,"Literature","Literature",,,,,,,,,,,"POLYGON((-94.9392419968 29.6946376179,-94.9485457204 29.6914047902999,-94.9515233897 29.6973126345,-94.942649711 29.7014686300999))","Tabbs Bay"
"Menidia beryllina","eats","Insecta",29.696252,-94.945383,,"Dixon, 1974",-13194000000,1654726,1654742,,"larval stage","Literature","Literature",,,,,,,,,,,"POLYGON((-94.9392419968 29.6946376179,-94.9485457204 29.6914047902999,-94.9515233897 29.6973126345,-94.942649711 29.7014686300999))","Tabbs Bay"
"Menidia beryllina","eats","Actinopterygii",29.696252,-94.945383,,"Dixon, 1974",-13194000000,1654726,1654740,,,"Literature","Literature",,,,,,,,,,0.58,"POLYGON((-94.9392419968 29.6946376179,-94.9485457204 29.6914047902999,-94.9515233897 29.6973126345,-94.942649711 29.7014686300999))","Tabbs Bay"
"Menidia beryllina","eats","Plantae",29.696252,-94.945383,,"Dixon, 1974",-13194000000,1654726,1654738,,,"Literature","Literature",,,,,,,,,,0.08,"POLYGON((-94.9392419968 29.6946376179,-94.9485457204 29.6914047902999,-94.9515233897 29.6973126345,-94.942649711 29.7014686300999))","Tabbs Bay"
"Menidia beryllina","eats","Animalia",29.696252,-94.945383,,"Dixon, 1974",-13194000000,1654726,1654736,,"egg","Literature","Literature",,,,,,,,,,,"POLYGON((-94.9392419968 29.6946376179,-94.9485457204 29.6914047902999,-94.9515233897 29.6973126345,-94.942649711 29.7014686300999))","Tabbs Bay"
"Menidia beryllina","eats","Acartia tonsa",29.696252,-94.945383,,"Dixon, 1974",-13194000000,1654726,1654734,,,"Literature","Literature",,,,,,,,,,,"POLYGON((-94.9392419968 29.6946376179,-94.9485457204 29.6914047902999,-94.9515233897 29.6973126345,-94.942649711 29.7014686300999))","Tabbs Bay"
"Menidia beryllina","eats","Cirripedia",29.696252,-94.945383,,"Dixon, 1974",-13194000000,1654726,1654732,,"nauplius stage","Literature","Literature",,,,,,,,,,,"POLYGON((-94.9392419968 29.6946376179,-94.9485457204 29.6914047902999,-94.9515233897 29.6973126345,-94.942649711 29.7014686300999))","Tabbs Bay"
"Menidia beryllina","eats","Polychaeta",29.696252,-94.945383,,"Dixon, 1974",-13194000000,1654726,1654730,,,"Literature","Literature",,,,,,,,,,0.18,"POLYGON((-94.9392419968 29.6946376179,-94.9485457204 29.6914047902999,-94.9515233897 29.6973126345,-94.942649711 29.7014686300999))","Tabbs Bay"
"Menidia beryllina","eats","Insecta",29.696252,-94.945383,,"Dixon, 1974",-13194000000,1654726,1654728,,,"Literature","Literature",,,,,,,,,,,"POLYGON((-94.9392419968 29.6946376179,-94.9485457204 29.6914047902999,-94.9515233897 29.6973126345,-94.942649711 29.7014686300999))","Tabbs Bay"
"Menidia beryllina","eats","Arachnida",29.767257,-94.78913,,"Dixon, 1974",-13194000000,1654578,1654602,,,"Literature","Literature",,,,,,,,,,,"POLYGON((-94.7995425799 29.7552287152,-94.8072562583 29.7623739414,-94.7800745011 29.7790989312999,-94.7705838126999 29.7719173406))","Trinity Bay"
"Menidia beryllina","eats","Amphipoda",29.767257,-94.78913,,"Dixon, 1974",-13194000000,1654578,1654600,,,"Literature","Literature",,,,,,,,,,,"POLYGON((-94.7995425799 29.7552287152,-94.8072562583 29.7623739414,-94.7800745011 29.7790989312999,-94.7705838126999 29.7719173406))","Trinity Bay"
"Menidia beryllina","eats","Cyclopoida",29.767257,-94.78913,,"Dixon, 1974",-13194000000,1654578,1654598,,,"Literature","Literature",,,,,,,,,,,"POLYGON((-94.7995425799 29.7552287152,-94.8072562583 29.7623739414,-94.7800745011 29.7790989312999,-94.7705838126999 29.7719173406))","Trinity Bay"
"Menidia beryllina","eats","Harpacticoida",29.767257,-94.78913,,"Dixon, 1974",-13194000000,1654578,1654596,,,"Literature","Literature",,,,,,,,,,0.15,"POLYGON((-94.7995425799 29.7552287152,-94.8072562583 29.7623739414,-94.7800745011 29.7790989312999,-94.7705838126999 29.7719173406))","Trinity Bay"
"Menidia beryllina","eats","Insecta",29.767257,-94.78913,,"Dixon, 1974",-13194000000,1654578,1654594,,"larval stage","Literature","Literature",,,,,,,,,,0.18,"POLYGON((-94.7995425799 29.7552287152,-94.8072562583 29.7623739414,-94.7800745011 29.7790989312999,-94.7705838126999 29.7719173406))","Trinity Bay"
"Menidia beryllina","eats","Actinopterygii",29.767257,-94.78913,,"Dixon, 1974",-13194000000,1654578,1654592,,,"Literature","Literature",,,,,,,,,,,"POLYGON((-94.7995425799 29.7552287152,-94.8072562583 29.7623739414,-94.7800745011 29.7790989312999,-94.7705838126999 29.7719173406))","Trinity Bay"
"Menidia beryllina","eats","Plantae",29.767257,-94.78913,,"Dixon, 1974",-13194000000,1654578,1654590,,,"Literature","Literature",,,,,,,,,,0.45,"POLYGON((-94.7995425799 29.7552287152,-94.8072562583 29.7623739414,-94.7800745011 29.7790989312999,-94.7705838126999 29.7719173406))","Trinity Bay"
"Menidia beryllina","eats","Animalia",29.767257,-94.78913,,"Dixon, 1974",-13194000000,1654578,1654588,,"egg","Literature","Literature",,,,,,,,,,,"POLYGON((-94.7995425799 29.7552287152,-94.8072562583 29.7623739414,-94.7800745011 29.7790989312999,-94.7705838126999 29.7719173406))","Trinity Bay"
"Menidia beryllina","eats","Acartia tonsa",29.767257,-94.78913,,"Dixon, 1974",-13194000000,1654578,1654586,,,"Literature","Literature",,,,,,,,,,0.43,"POLYGON((-94.7995425799 29.7552287152,-94.8072562583 29.7623739414,-94.7800745011 29.7790989312999,-94.7705838126999 29.7719173406))","Trinity Bay"
"Menidia beryllina","eats","Cirripedia",29.767257,-94.78913,,"Dixon, 1974",-13194000000,1654578,1654584,,"nauplius stage","Literature","Literature",,,,,,,,,,0.5,"POLYGON((-94.7995425799 29.7552287152,-94.8072562583 29.7623739414,-94.7800745011 29.7790989312999,-94.7705838126999 29.7719173406))","Trinity Bay"
"Menidia beryllina","eats","Polychaeta",29.767257,-94.78913,,"Dixon, 1974",-13194000000,1654578,1654582,,,"Literature","Literature",,,,,,,,,,,"POLYGON((-94.7995425799 29.7552287152,-94.8072562583 29.7623739414,-94.7800745011 29.7790989312999,-94.7705838126999 29.7719173406))","Trinity Bay"
"Menidia beryllina","eats","Insecta",29.767257,-94.78913,,"Dixon, 1974",-13194000000,1654578,1654580,,,"Literature","Literature",,,,,,,,,,0.88,"POLYGON((-94.7995425799 29.7552287152,-94.8072562583 29.7623739414,-94.7800745011 29.7790989312999,-94.7705838126999 29.7719173406))","Trinity Bay"
"Menidia beryllina","eats","Arachnida",29.696252,-94.945383,,"Dixon, 1974",-13194000000,1654552,1654576,,,"Literature","Literature",,,,,,,,,,,"POLYGON((-94.9392419968 29.6946376179,-94.9485457204 29.6914047902999,-94.9515233897 29.6973126345,-94.942649711 29.7014686300999))","Tabbs Bay"
"Menidia beryllina","eats","Amphipoda",29.696252,-94.945383,,"Dixon, 1974",-13194000000,1654552,1654574,,,"Literature","Literature",,,,,,,,,,,"POLYGON((-94.9392419968 29.6946376179,-94.9485457204 29.6914047902999,-94.9515233897 29.6973126345,-94.942649711 29.7014686300999))","Tabbs Bay"
"Menidia beryllina","eats","Cyclopoida",29.696252,-94.945383,,"Dixon, 1974",-13194000000,1654552,1654572,,,"Literature","Literature",,,,,,,,,,,"POLYGON((-94.9392419968 29.6946376179,-94.9485457204 29.6914047902999,-94.9515233897 29.6973126345,-94.942649711 29.7014686300999))","Tabbs Bay"
"Menidia beryllina","eats","Harpacticoida",29.696252,-94.945383,,"Dixon, 1974",-13194000000,1654552,1654570,,,"Literature","Literature",,,,,,,,,,0.15,"POLYGON((-94.9392419968 29.6946376179,-94.9485457204 29.6914047902999,-94.9515233897 29.6973126345,-94.942649711 29.7014686300999))","Tabbs Bay"
"Menidia beryllina","eats","Insecta",29.696252,-94.945383,,"Dixon, 1974",-13194000000,1654552,1654568,,"larval stage","Literature","Literature",,,,,,,,,,0.18,"POLYGON((-94.9392419968 29.6946376179,-94.9485457204 29.6914047902999,-94.9515233897 29.6973126345,-94.942649711 29.7014686300999))","Tabbs Bay"
"Menidia beryllina","eats","Actinopterygii",29.696252,-94.945383,,"Dixon, 1974",-13194000000,1654552,1654566,,,"Literature","Literature",,,,,,,,,,,"POLYGON((-94.9392419968 29.6946376179,-94.9485457204 29.6914047902999,-94.9515233897 29.6973126345,-94.942649711 29.7014686300999))","Tabbs Bay"
"Menidia beryllina","eats","Plantae",29.696252,-94.945383,,"Dixon, 1974",-13194000000,1654552,1654564,,,"Literature","Literature",,,,,,,,,,0.45,"POLYGON((-94.9392419968 29.6946376179,-94.9485457204 29.6914047902999,-94.9515233897 29.6973126345,-94.942649711 29.7014686300999))","Tabbs Bay"
"Menidia beryllina","eats","Animalia",29.696252,-94.945383,,"Dixon, 1974",-13194000000,1654552,1654562,,"egg","Literature","Literature",,,,,,,,,,,"POLYGON((-94.9392419968 29.6946376179,-94.9485457204 29.6914047902999,-94.9515233897 29.6973126345,-94.942649711 29.7014686300999))","Tabbs Bay"
"Menidia beryllina","eats","Acartia tonsa",29.696252,-94.945383,,"Dixon, 1974",-13194000000,1654552,1654560,,,"Literature","Literature",,,,,,,,,,0.43,"POLYGON((-94.9392419968 29.6946376179,-94.9485457204 29.6914047902999,-94.9515233897 29.6973126345,-94.942649711 29.7014686300999))","Tabbs Bay"
"Menidia beryllina","eats","Cirripedia",29.696252,-94.945383,,"Dixon, 1974",-13194000000,1654552,1654558,,"nauplius stage","Literature","Literature",,,,,,,,,,0.5,"POLYGON((-94.9392419968 29.6946376179,-94.9485457204 29.6914047902999,-94.9515233897 29.6973126345,-94.942649711 29.7014686300999))","Tabbs Bay"
"Menidia beryllina","eats","Polychaeta",29.696252,-94.945383,,"Dixon, 1974",-13194000000,1654552,1654556,,,"Literature","Literature",,,,,,,,,,,"POLYGON((-94.9392419968 29.6946376179,-94.9485457204 29.6914047902999,-94.9515233897 29.6973126345,-94.942649711 29.7014686300999))","Tabbs Bay"
"Menidia beryllina","eats","Insecta",29.696252,-94.945383,,"Dixon, 1974",-13194000000,1654552,1654554,,,"Literature","Literature",,,,,,,,,,0.88,"POLYGON((-94.9392419968 29.6946376179,-94.9485457204 29.6914047902999,-94.9515233897 29.6973126345,-94.942649711 29.7014686300999))","Tabbs Bay"
"Menidia beryllina","eats","Arachnida",29.741246,-94.827046,,"Dixon, 1974",-13194000000,1654526,1654550,,,"Literature","Literature",,,,,,,,,,,"POLYGON((-94.8055415573 29.7563529421,-94.8373662229 29.7215064705,-94.8465887643999 29.7321732143999,-94.8173632170999 29.7574550349,-94.8093280803 29.759590285))","Trinity Bay"
"Menidia beryllina","eats","Amphipoda",29.741246,-94.827046,,"Dixon, 1974",-13194000000,1654526,1654548,,,"Literature","Literature",,,,,,,,,,,"POLYGON((-94.8055415573 29.7563529421,-94.8373662229 29.7215064705,-94.8465887643999 29.7321732143999,-94.8173632170999 29.7574550349,-94.8093280803 29.759590285))","Trinity Bay"
"Menidia beryllina","eats","Cyclopoida",29.741246,-94.827046,,"Dixon, 1974",-13194000000,1654526,1654546,,,"Literature","Literature",,,,,,,,,,,"POLYGON((-94.8055415573 29.7563529421,-94.8373662229 29.7215064705,-94.8465887643999 29.7321732143999,-94.8173632170999 29.7574550349,-94.8093280803 29.759590285))","Trinity Bay"
"Menidia beryllina","eats","Harpacticoida",29.741246,-94.827046,,"Dixon, 1974",-13194000000,1654526,1654544,,,"Literature","Literature",,,,,,,,,,0.15,"POLYGON((-94.8055415573 29.7563529421,-94.8373662229 29.7215064705,-94.8465887643999 29.7321732143999,-94.8173632170999 29.7574550349,-94.8093280803 29.759590285))","Trinity Bay"
"Menidia beryllina","eats","Insecta",29.741246,-94.827046,,"Dixon, 1974",-13194000000,1654526,1654542,,"larval stage","Literature","Literature",,,,,,,,,,0.18,"POLYGON((-94.8055415573 29.7563529421,-94.8373662229 29.7215064705,-94.8465887643999 29.7321732143999,-94.8173632170999 29.7574550349,-94.8093280803 29.759590285))","Trinity Bay"
"Menidia beryllina","eats","Actinopterygii",29.741246,-94.827046,,"Dixon, 1974",-13194000000,1654526,1654540,,,"Literature","Literature",,,,,,,,,,,"POLYGON((-94.8055415573 29.7563529421,-94.8373662229 29.7215064705,-94.8465887643999 29.7321732143999,-94.8173632170999 29.7574550349,-94.8093280803 29.759590285))","Trinity Bay"
"Menidia beryllina","eats","Plantae",29.741246,-94.827046,,"Dixon, 1974",-13194000000,1654526,1654538,,,"Literature","Literature",,,,,,,,,,0.45,"POLYGON((-94.8055415573 29.7563529421,-94.8373662229 29.7215064705,-94.8465887643999 29.7321732143999,-94.8173632170999 29.7574550349,-94.8093280803 29.759590285))","Trinity Bay"
"Menidia beryllina","eats","Animalia",29.741246,-94.827046,,"Dixon, 1974",-13194000000,1654526,1654536,,"egg","Literature","Literature",,,,,,,,,,,"POLYGON((-94.8055415573 29.7563529421,-94.8373662229 29.7215064705,-94.8465887643999 29.7321732143999,-94.8173632170999 29.7574550349,-94.8093280803 29.759590285))","Trinity Bay"
"Menidia beryllina","eats","Acartia tonsa",29.741246,-94.827046,,"Dixon, 1974",-13194000000,1654526,1654534,,,"Literature","Literature",,,,,,,,,,0.43,"POLYGON((-94.8055415573 29.7563529421,-94.8373662229 29.7215064705,-94.8465887643999 29.7321732143999,-94.8173632170999 29.7574550349,-94.8093280803 29.759590285))","Trinity Bay"
"Menidia beryllina","eats","Cirripedia",29.741246,-94.827046,,"Dixon, 1974",-13194000000,1654526,1654532,,"nauplius stage","Literature","Literature",,,,,,,,,,0.5,"POLYGON((-94.8055415573 29.7563529421,-94.8373662229 29.7215064705,-94.8465887643999 29.7321732143999,-94.8173632170999 29.7574550349,-94.8093280803 29.759590285))","Trinity Bay"
"Menidia beryllina","eats","Polychaeta",29.741246,-94.827046,,"Dixon, 1974",-13194000000,1654526,1654530,,,"Literature","Literature",,,,,,,,,,,"POLYGON((-94.8055415573 29.7563529421,-94.8373662229 29.7215064705,-94.8465887643999 29.7321732143999,-94.8173632170999 29.7574550349,-94.8093280803 29.759590285))","Trinity Bay"
"Menidia beryllina","eats","Insecta",29.741246,-94.827046,,"Dixon, 1974",-13194000000,1654526,1654528,,,"Literature","Literature",,,,,,,,,,0.88,"POLYGON((-94.8055415573 29.7563529421,-94.8373662229 29.7215064705,-94.8465887643999 29.7321732143999,-94.8173632170999 29.7574550349,-94.8093280803 29.759590285))","Trinity Bay"
"Menidia beryllina","eats","Arachnida",29.696252,-94.945383,,"Dixon, 1974",-13194000000,1654630,1654654,,,"Literature","Literature",,,,,,,,,,,"POLYGON((-94.9392419968 29.6946376179,-94.9485457204 29.6914047902999,-94.9515233897 29.6973126345,-94.942649711 29.7014686300999))","Tabbs Bay"
"Menidia beryllina","eats","Amphipoda",29.696252,-94.945383,,"Dixon, 1974",-13194000000,1654630,1654652,,,"Literature","Literature",,,,,,,,,,,"POLYGON((-94.9392419968 29.6946376179,-94.9485457204 29.6914047902999,-94.9515233897 29.6973126345,-94.942649711 29.7014686300999))","Tabbs Bay"
"Menidia beryllina","eats","Cyclopoida",29.696252,-94.945383,,"Dixon, 1974",-13194000000,1654630,1654650,,,"Literature","Literature",,,,,,,,,,,"POLYGON((-94.9392419968 29.6946376179,-94.9485457204 29.6914047902999,-94.9515233897 29.6973126345,-94.942649711 29.7014686300999))","Tabbs Bay"
"Menidia beryllina","eats","Harpacticoida",29.696252,-94.945383,,"Dixon, 1974",-13194000000,1654630,1654648,,,"Literature","Literature",,,,,,,,,,,"POLYGON((-94.9392419968 29.6946376179,-94.9485457204 29.6914047902999,-94.9515233897 29.6973126345,-94.942649711 29.7014686300999))","Tabbs Bay"
"Menidia beryllina","eats","Insecta",29.696252,-94.945383,,"Dixon, 1974",-13194000000,1654630,1654646,,"larval stage","Literature","Literature",,,,,,,,,,,"POLYGON((-94.9392419968 29.6946376179,-94.9485457204 29.6914047902999,-94.9515233897 29.6973126345,-94.942649711 29.7014686300999))","Tabbs Bay"
"Menidia beryllina","eats","Actinopterygii",29.696252,-94.945383,,"Dixon, 1974",-13194000000,1654630,1654644,,,"Literature","Literature",,,,,,,,,,,"POLYGON((-94.9392419968 29.6946376179,-94.9485457204 29.6914047902999,-94.9515233897 29.6973126345,-94.942649711 29.7014686300999))","Tabbs Bay"
"Menidia beryllina","eats","Plantae",29.696252,-94.945383,,"Dixon, 1974",-13194000000,1654630,1654642,,,"Literature","Literature",,,,,,,,,,0.41,"POLYGON((-94.9392419968 29.6946376179,-94.9485457204 29.6914047902999,-94.9515233897 29.6973126345,-94.942649711 29.7014686300999))","Tabbs Bay"
"Menidia beryllina","eats","Animalia",29.696252,-94.945383,,"Dixon, 1974",-13194000000,1654630,1654640,,"egg","Literature","Literature",,,,,,,,,,,"POLYGON((-94.9392419968 29.6946376179,-94.9485457204 29.6914047902999,-94.9515233897 29.6973126345,-94.942649711 29.7014686300999))","Tabbs Bay"
"Menidia beryllina","eats","Acartia tonsa",29.696252,-94.945383,,"Dixon, 1974",-13194000000,1654630,1654638,,,"Literature","Literature",,,,,,,,,,0.81,"POLYGON((-94.9392419968 29.6946376179,-94.9485457204 29.6914047902999,-94.9515233897 29.6973126345,-94.942649711 29.7014686300999))","Tabbs Bay"
"Menidia beryllina","eats","Cirripedia",29.696252,-94.945383,,"Dixon, 1974",-13194000000,1654630,1654636,,"nauplius stage","Literature","Literature",,,,,,,,,,,"POLYGON((-94.9392419968 29.6946376179,-94.9485457204 29.6914047902999,-94.9515233897 29.6973126345,-94.942649711 29.7014686300999))","Tabbs Bay"
"Menidia beryllina","eats","Polychaeta",29.696252,-94.945383,,"Dixon, 1974",-13194000000,1654630,1654634,,,"Literature","Literature",,,,,,,,,,,"POLYGON((-94.9392419968 29.6946376179,-94.9485457204 29.6914047902999,-94.9515233897 29.6973126345,-94.942649711 29.7014686300999))","Tabbs Bay"
"Menidia beryllina","eats","Insecta",29.696252,-94.945383,,"Dixon, 1974",-13194000000,1654630,1654632,,,"Literature","Literature",,,,,,,,,,0.28,"POLYGON((-94.9392419968 29.6946376179,-94.9485457204 29.6914047902999,-94.9515233897 29.6973126345,-94.942649711 29.7014686300999))","Tabbs Bay"
"Menidia beryllina","eats","Arachnida",29.741246,-94.827046,,"Dixon, 1974",-13194000000,1654604,1654628,,,"Literature","Literature",,,,,,,,,,,"POLYGON((-94.8055415573 29.7563529421,-94.8373662229 29.7215064705,-94.8465887643999 29.7321732143999,-94.8173632170999 29.7574550349,-94.8093280803 29.759590285))","Trinity Bay"
"Menidia beryllina","eats","Amphipoda",29.741246,-94.827046,,"Dixon, 1974",-13194000000,1654604,1654626,,,"Literature","Literature",,,,,,,,,,,"POLYGON((-94.8055415573 29.7563529421,-94.8373662229 29.7215064705,-94.8465887643999 29.7321732143999,-94.8173632170999 29.7574550349,-94.8093280803 29.759590285))","Trinity Bay"
"Menidia beryllina","eats","Cyclopoida",29.741246,-94.827046,,"Dixon, 1974",-13194000000,1654604,1654624,,,"Literature","Literature",,,,,,,,,,,"POLYGON((-94.8055415573 29.7563529421,-94.8373662229 29.7215064705,-94.8465887643999 29.7321732143999,-94.8173632170999 29.7574550349,-94.8093280803 29.759590285))","Trinity Bay"
"Menidia","eatenBy","Sciaenops ocellatus",27.29142861,-97.41632348,,"Pearson 1929",,1593808,1593798,,,"Literature","Literature",,,,,,,,,,,"POLYGON((27.6435555677 -97.2216599643,27.6270483814 -97.2128168286999,27.6335333474 -97.2387566928999,27.5940340088 -97.2582115910999,27.5781163648 -97.2493684556,27.4360366541 -97.3342625564999,27.4136340441999 -97.3336730142,27.3965373155 -97.3389788955,27.3564484344999 -97.3637396749,27.3045443496999 -97.3565494992,27.302800079 -97.3690455562999,27.2839347232 -97.3837841155,27.235592249 -97.3861422849,27.1436236396 -97.3914481661999,27.1424445548999 -97.4439174369999,27.1848916054 -97.4380220132999,27.262711198 -97.4226939116999,27.2638902827 -97.4456860641,27.2320549947999 -97.5217370296,27.2302863677 -97.546497809,27.2485621810999 -97.6372873337,27.2733229606 -97.6431827573999,27.2650693673999 -97.7327931972999,27.2715543334999 -97.7410467904,27.2786288419 -97.7386886209999,27.2709647910999 -97.7257186889,27.2821660960999 -97.6720703334,27.2874719773999 -97.6602794859999,27.3045687061 -97.6549736047,27.3151804686999 -97.6767866722999,27.3705974513 -97.7074428755,27.3747242479 -97.7298454854999,27.3817987563 -97.7380990786,27.3817987563 -97.7168755534,27.427783061 -97.7386886209999,27.3593961463 -97.6626376555,27.3452471294999 -97.6679435367999,27.325202689 -97.6543840623999,27.3222549770999 -97.6343396217999,27.3022105366 -97.6372873337,27.2839347232 -97.6119370118999,27.2980837399999 -97.5936611985,27.3104641298 -97.6113474695,27.3328667396999 -97.5683108765999,27.3187177229 -97.5718481308,27.3193072653 -97.5612363681999,27.3859255529 -97.4969762501,27.3947686883999 -97.4781108943,27.3340458244999 -97.4904912841,27.3298851740999 -97.5029602113999,27.3113024688999 -97.4991573358,27.2898301469 -97.5447291818999,27.2786288419 -97.5028716738,27.2974941977 -97.4845958604,27.3263817737 -97.4073658102,27.4106863322999 -97.3690455562999,27.4319098576 -97.3690455562999,27.5203412127999 -97.3425161497,27.5745791105999 -97.3159867430999,27.5916758392999 -97.2953527603,27.6170261611 -97.296531845,27.6783385674 -97.2670547265999,27.6435555677 -97.2216599643))","Baffin Bay"
"Menidia","eatenBy","Cynoscion nebulosus",27.29142861,-97.41632348,,"Pearson 1929",,1593910,1593900,"post-juvenile adult stage",,"Literature","Literature",,,,,,,,,,,"POLYGON((27.6435555677 -97.2216599643,27.6270483814 -97.2128168286999,27.6335333474 -97.2387566928999,27.5940340088 -97.2582115910999,27.5781163648 -97.2493684556,27.4360366541 -97.3342625564999,27.4136340441999 -97.3336730142,27.3965373155 -97.3389788955,27.3564484344999 -97.3637396749,27.3045443496999 -97.3565494992,27.302800079 -97.3690455562999,27.2839347232 -97.3837841155,27.235592249 -97.3861422849,27.1436236396 -97.3914481661999,27.1424445548999 -97.4439174369999,27.1848916054 -97.4380220132999,27.262711198 -97.4226939116999,27.2638902827 -97.4456860641,27.2320549947999 -97.5217370296,27.2302863677 -97.546497809,27.2485621810999 -97.6372873337,27.2733229606 -97.6431827573999,27.2650693673999 -97.7327931972999,27.2715543334999 -97.7410467904,27.2786288419 -97.7386886209999,27.2709647910999 -97.7257186889,27.2821660960999 -97.6720703334,27.2874719773999 -97.6602794859999,27.3045687061 -97.6549736047,27.3151804686999 -97.6767866722999,27.3705974513 -97.7074428755,27.3747242479 -97.7298454854999,27.3817987563 -97.7380990786,27.3817987563 -97.7168755534,27.427783061 -97.7386886209999,27.3593961463 -97.6626376555,27.3452471294999 -97.6679435367999,27.325202689 -97.6543840623999,27.3222549770999 -97.6343396217999,27.3022105366 -97.6372873337,27.2839347232 -97.6119370118999,27.2980837399999 -97.5936611985,27.3104641298 -97.6113474695,27.3328667396999 -97.5683108765999,27.3187177229 -97.5718481308,27.3193072653 -97.5612363681999,27.3859255529 -97.4969762501,27.3947686883999 -97.4781108943,27.3340458244999 -97.4904912841,27.3298851740999 -97.5029602113999,27.3113024688999 -97.4991573358,27.2898301469 -97.5447291818999,27.2786288419 -97.5028716738,27.2974941977 -97.4845958604,27.3263817737 -97.4073658102,27.4106863322999 -97.3690455562999,27.4319098576 -97.3690455562999,27.5203412127999 -97.3425161497,27.5745791105999 -97.3159867430999,27.5916758392999 -97.2953527603,27.6170261611 -97.296531845,27.6783385674 -97.2670547265999,27.6435555677 -97.2216599643))","Baffin Bay"
"Menidia","eatenBy","Cynoscion nebulosus",27.29142861,-97.41632348,,"Pearson 1929",,1593908,1593900,"juvenile stage",,"Literature","Literature",,,,,,,,,,,"POLYGON((27.6435555677 -97.2216599643,27.6270483814 -97.2128168286999,27.6335333474 -97.2387566928999,27.5940340088 -97.2582115910999,27.5781163648 -97.2493684556,27.4360366541 -97.3342625564999,27.4136340441999 -97.3336730142,27.3965373155 -97.3389788955,27.3564484344999 -97.3637396749,27.3045443496999 -97.3565494992,27.302800079 -97.3690455562999,27.2839347232 -97.3837841155,27.235592249 -97.3861422849,27.1436236396 -97.3914481661999,27.1424445548999 -97.4439174369999,27.1848916054 -97.4380220132999,27.262711198 -97.4226939116999,27.2638902827 -97.4456860641,27.2320549947999 -97.5217370296,27.2302863677 -97.546497809,27.2485621810999 -97.6372873337,27.2733229606 -97.6431827573999,27.2650693673999 -97.7327931972999,27.2715543334999 -97.7410467904,27.2786288419 -97.7386886209999,27.2709647910999 -97.7257186889,27.2821660960999 -97.6720703334,27.2874719773999 -97.6602794859999,27.3045687061 -97.6549736047,27.3151804686999 -97.6767866722999,27.3705974513 -97.7074428755,27.3747242479 -97.7298454854999,27.3817987563 -97.7380990786,27.3817987563 -97.7168755534,27.427783061 -97.7386886209999,27.3593961463 -97.6626376555,27.3452471294999 -97.6679435367999,27.325202689 -97.6543840623999,27.3222549770999 -97.6343396217999,27.3022105366 -97.6372873337,27.2839347232 -97.6119370118999,27.2980837399999 -97.5936611985,27.3104641298 -97.6113474695,27.3328667396999 -97.5683108765999,27.3187177229 -97.5718481308,27.3193072653 -97.5612363681999,27.3859255529 -97.4969762501,27.3947686883999 -97.4781108943,27.3340458244999 -97.4904912841,27.3298851740999 -97.5029602113999,27.3113024688999 -97.4991573358,27.2898301469 -97.5447291818999,27.2786288419 -97.5028716738,27.2974941977 -97.4845958604,27.3263817737 -97.4073658102,27.4106863322999 -97.3690455562999,27.4319098576 -97.3690455562999,27.5203412127999 -97.3425161497,27.5745791105999 -97.3159867430999,27.5916758392999 -97.2953527603,27.6170261611 -97.296531845,27.6783385674 -97.2670547265999,27.6435555677 -97.2216599643))","Baffin Bay"
"Menidia","eatenBy","Cynoscion nebulosus",27.78732241,-97.28537813,,"Pearson 1929",,1593713,1593703,"post-juvenile adult stage",,"Literature","Literature",,,,,,,,,,,"POLYGON((27.8298509559 -97.1839292526999,27.8269032440999 -97.1326390666999,27.8215973627999 -97.1367658632999,27.8198287357 -97.1279227277999,27.8145228544 -97.1196691346,27.7897620749 -97.1190795921999,27.7791503123 -97.1285122701,27.7714862615 -97.1503253376999,27.7302182958 -97.166832524,27.6742117707999 -97.2022050661,27.6618313811 -97.2027946085,27.6677268048 -97.1963096423999,27.6500405337 -97.1963096423999,27.655346415 -97.2022050661,27.6518091607999 -97.2075109473999,27.64414511 -97.200436439,27.6435555677 -97.2216599643,27.6783385674 -97.2670547265999,27.6806967368 -97.2605697605,27.6907189571 -97.256442964,27.6895398724 -97.2428834895,27.6977934654999 -97.2546743368999,27.722554245 -97.3436952344,27.7467254821 -97.3755305222999,27.7596954141999 -97.3761200647,27.7767921428 -97.3926272509999,27.8174705662 -97.3890899967999,27.8333882101999 -97.3784782341,27.8410522609 -97.3831945730999,27.8345672949 -97.4097239796,27.8233659899 -97.4167984881,27.8316195831 -97.4415592674999,27.825134617 -97.4586559961999,27.8286718712 -97.4822376909,27.8457685999 -97.4904912841,27.8599176166999 -97.5181997754,27.8758352605999 -97.5069984704,27.8787829725 -97.4887226569999,27.8717084640999 -97.4840063179999,27.8622757862 -97.4857749451,27.8628653286 -97.4733945554,27.8722980064 -97.4268207082999,27.8693502946 -97.4138507761999,27.8776038877999 -97.3985226747,27.8746561759 -97.3725828105,27.8846783962 -97.3395684378999,27.8764248029999 -97.3283671328999,27.8528431083 -97.3602024207,27.8504849388 -97.3513592852,27.8722980064 -97.3130390312999,27.881141142 -97.2664651842,27.8793725148999 -97.2540847945,27.8546117353999 -97.2381671506,27.8451790575 -97.2269658456,27.8357463796 -97.2210704218999,27.8316195831 -97.2281449303,27.8233659899 -97.2234285913999,27.8215973627999 -97.1939514729999,27.8298509559 -97.1839292526999))","Corpus Christi Bay"
"Menidia","eatenBy","Cynoscion nebulosus",27.78732241,-97.28537813,,"Pearson 1929",,1593711,1593703,"juvenile stage",,"Literature","Literature",,,,,,,,,,,"POLYGON((27.8298509559 -97.1839292526999,27.8269032440999 -97.1326390666999,27.8215973627999 -97.1367658632999,27.8198287357 -97.1279227277999,27.8145228544 -97.1196691346,27.7897620749 -97.1190795921999,27.7791503123 -97.1285122701,27.7714862615 -97.1503253376999,27.7302182958 -97.166832524,27.6742117707999 -97.2022050661,27.6618313811 -97.2027946085,27.6677268048 -97.1963096423999,27.6500405337 -97.1963096423999,27.655346415 -97.2022050661,27.6518091607999 -97.2075109473999,27.64414511 -97.200436439,27.6435555677 -97.2216599643,27.6783385674 -97.2670547265999,27.6806967368 -97.2605697605,27.6907189571 -97.256442964,27.6895398724 -97.2428834895,27.6977934654999 -97.2546743368999,27.722554245 -97.3436952344,27.7467254821 -97.3755305222999,27.7596954141999 -97.3761200647,27.7767921428 -97.3926272509999,27.8174705662 -97.3890899967999,27.8333882101999 -97.3784782341,27.8410522609 -97.3831945730999,27.8345672949 -97.4097239796,27.8233659899 -97.4167984881,27.8316195831 -97.4415592674999,27.825134617 -97.4586559961999,27.8286718712 -97.4822376909,27.8457685999 -97.4904912841,27.8599176166999 -97.5181997754,27.8758352605999 -97.5069984704,27.8787829725 -97.4887226569999,27.8717084640999 -97.4840063179999,27.8622757862 -97.4857749451,27.8628653286 -97.4733945554,27.8722980064 -97.4268207082999,27.8693502946 -97.4138507761999,27.8776038877999 -97.3985226747,27.8746561759 -97.3725828105,27.8846783962 -97.3395684378999,27.8764248029999 -97.3283671328999,27.8528431083 -97.3602024207,27.8504849388 -97.3513592852,27.8722980064 -97.3130390312999,27.881141142 -97.2664651842,27.8793725148999 -97.2540847945,27.8546117353999 -97.2381671506,27.8451790575 -97.2269658456,27.8357463796 -97.2210704218999,27.8316195831 -97.2281449303,27.8233659899 -97.2234285913999,27.8215973627999 -97.1939514729999,27.8298509559 -97.1839292526999))","Corpus Christi Bay"
"Menidia","eatenBy","Sciaenops ocellatus",27.78732241,-97.28537813,,"Pearson 1929",,1593611,1593601,,,"Literature","Literature",,,,,,,,,,,"POLYGON((27.8298509559 -97.1839292526999,27.8269032440999 -97.1326390666999,27.8215973627999 -97.1367658632999,27.8198287357 -97.1279227277999,27.8145228544 -97.1196691346,27.7897620749 -97.1190795921999,27.7791503123 -97.1285122701,27.7714862615 -97.1503253376999,27.7302182958 -97.166832524,27.6742117707999 -97.2022050661,27.6618313811 -97.2027946085,27.6677268048 -97.1963096423999,27.6500405337 -97.1963096423999,27.655346415 -97.2022050661,27.6518091607999 -97.2075109473999,27.64414511 -97.200436439,27.6435555677 -97.2216599643,27.6783385674 -97.2670547265999,27.6806967368 -97.2605697605,27.6907189571 -97.256442964,27.6895398724 -97.2428834895,27.6977934654999 -97.2546743368999,27.722554245 -97.3436952344,27.7467254821 -97.3755305222999,27.7596954141999 -97.3761200647,27.7767921428 -97.3926272509999,27.8174705662 -97.3890899967999,27.8333882101999 -97.3784782341,27.8410522609 -97.3831945730999,27.8345672949 -97.4097239796,27.8233659899 -97.4167984881,27.8316195831 -97.4415592674999,27.825134617 -97.4586559961999,27.8286718712 -97.4822376909,27.8457685999 -97.4904912841,27.8599176166999 -97.5181997754,27.8758352605999 -97.5069984704,27.8787829725 -97.4887226569999,27.8717084640999 -97.4840063179999,27.8622757862 -97.4857749451,27.8628653286 -97.4733945554,27.8722980064 -97.4268207082999,27.8693502946 -97.4138507761999,27.8776038877999 -97.3985226747,27.8746561759 -97.3725828105,27.8846783962 -97.3395684378999,27.8764248029999 -97.3283671328999,27.8528431083 -97.3602024207,27.8504849388 -97.3513592852,27.8722980064 -97.3130390312999,27.881141142 -97.2664651842,27.8793725148999 -97.2540847945,27.8546117353999 -97.2381671506,27.8451790575 -97.2269658456,27.8357463796 -97.2210704218999,27.8316195831 -97.2281449303,27.8233659899 -97.2234285913999,27.8215973627999 -97.1939514729999,27.8298509559 -97.1839292526999))","Corpus Christi Bay"
"Menidia","eatenBy","Sciaenops ocellatus",28.03455945,-96.99805223,,"Pearson 1929",,1593414,1593404,,,"Literature","Literature",,,,,,,,,,,"POLYGON((27.8269032440999 -97.1326390666999,27.8298509559 -97.1839292526999,27.9689829548 -97.0866547619999,27.9837215139999 -97.0760429994,27.9925646495 -97.0636626096,28.0202731408 -97.0495135927999,28.0379594117999 -97.024163271,28.0721528692 -97.0371332030999,28.0998613605 -97.0271109827999,28.1098835807 -97.0223946439,28.115189462 -97.0306482369999,28.1187267162999 -97.0536403894,28.1033986147 -97.0483345080999,28.0886600555 -97.0618939824999,28.0809960047 -97.0878338466999,28.0798169199999 -97.1013933212,28.0709737844 -97.1120050838,28.0485711745 -97.1344076938,28.0385489541999 -97.1196691346,28.0338326153 -97.1179005074999,28.0273476491999 -97.1408926599,28.0031764121 -97.1461985411999,27.9949228189999 -97.1385344904,27.9984600732 -97.155631219,27.9943332765999 -97.1638848121999,27.9742888361 -97.1774442866999,27.9726358228999 -97.1904903381,27.9925646495 -97.1733174901,28.0055345815999 -97.1615266426999,28.0208626832 -97.1591684732999,28.0243999373999 -97.1538625918999,28.0356012423999 -97.1526835071999,28.0462130049999 -97.1585789309,28.0515188862999 -97.1786233713999,28.0585933947 -97.1762652018999,28.0739214962999 -97.2175331676999,28.0839437164999 -97.2175331676999,28.0986822757 -97.2063318626999,28.1163685468 -97.1809815409,28.1281593940999 -97.1597580156,28.1364129873 -97.1733174901,28.1529201735999 -97.1856978798,28.1723750716999 -97.1591684732999,28.1735541565 -97.1473776259,28.1676587328 -97.1408926599,28.1446665803999 -97.1403031174999,28.1688378174999 -97.0842965924999,28.182397292 -97.0412599997,28.1859345461999 -97.0288796099,28.1994940207 -97.0194469319999,28.1965463087999 -97.0341854912,28.2053894443 -97.0383122877999,28.2042103596 -97.0106037965,28.1900613428 -97.0082456270999,28.1812182072999 -97.0200364744,28.1594051396 -97.0147305930999,28.1517410889 -97.0223946439,28.1346443601999 -97.0100142542,28.1364129873 -96.995275695,28.1246221399 -96.9893802713,28.1269803094 -96.9787685087,28.1688378174999 -96.9663881188999,28.1971358511999 -96.9475227631999,28.2165907493 -96.9675672037,28.2124639528 -96.9882011865,28.2207175459 -96.990559356,28.222486173 -96.9687462883999,28.2313293085 -96.9522391020999,28.2437096983 -96.9492913903,28.2490155796 -96.9445750513,28.2507842067 -96.9345528311,28.2690600201 -96.9186351870999,28.2608064269 -96.9145083905,28.2342770204 -96.9321946615999,28.2236652578 -96.9433959665999,28.1941881394 -96.9239410683999,28.1841659191 -96.932784204,28.1664796481 -96.9469332208,28.1423084109999 -96.9481123055,28.1258012247 -96.9657985765999,28.119905801 -96.9262992378999,28.1287489364999 -96.9068443398,28.1578016604 -96.8881644884999,28.1670691903999 -96.8708822553,28.1765018683 -96.8449423911,28.1682482752 -96.8260770354,28.1605842244 -96.8207711539999,28.1411293262 -96.8201816116999,28.1434874957 -96.8030848829999,28.1216744281 -96.8142861879999,28.1122417501999 -96.8484796453,28.137592072 -96.8732404248,28.1157790044 -96.8885685263999,28.1063463264999 -96.8809044756,28.1028090723 -96.8997698313,28.0904286825999 -96.9221724413,28.0562352251999 -96.9351423733999,28.0538770558 -96.9487018478999,28.0391384966 -96.9534181867999,28.0208626832 -96.9652090342,27.9849005987 -96.98407439,27.9654457006 -96.9834848475999,27.943632633 -96.9935070678999,27.9300731585 -97.0070665422999,27.9200509381999 -97.0229841862999,27.9112078027 -97.0400809149,27.8711189216999 -97.0459763385999,27.8404627186 -97.0624835249,27.8269032440999 -97.1326390666999))","Redfish Bay"
"Menidia","eatenBy","Cynoscion nebulosus",28.03455945,-96.99805223,,"Pearson 1929",,1593514,1593506,"juvenile stage",,"Literature","Literature",,,,,,,,,,,"POLYGON((27.8269032440999 -97.1326390666999,27.8298509559 -97.1839292526999,27.9689829548 -97.0866547619999,27.9837215139999 -97.0760429994,27.9925646495 -97.0636626096,28.0202731408 -97.0495135927999,28.0379594117999 -97.024163271,28.0721528692 -97.0371332030999,28.0998613605 -97.0271109827999,28.1098835807 -97.0223946439,28.115189462 -97.0306482369999,28.1187267162999 -97.0536403894,28.1033986147 -97.0483345080999,28.0886600555 -97.0618939824999,28.0809960047 -97.0878338466999,28.0798169199999 -97.1013933212,28.0709737844 -97.1120050838,28.0485711745 -97.1344076938,28.0385489541999 -97.1196691346,28.0338326153 -97.1179005074999,28.0273476491999 -97.1408926599,28.0031764121 -97.1461985411999,27.9949228189999 -97.1385344904,27.9984600732 -97.155631219,27.9943332765999 -97.1638848121999,27.9742888361 -97.1774442866999,27.9726358228999 -97.1904903381,27.9925646495 -97.1733174901,28.0055345815999 -97.1615266426999,28.0208626832 -97.1591684732999,28.0243999373999 -97.1538625918999,28.0356012423999 -97.1526835071999,28.0462130049999 -97.1585789309,28.0515188862999 -97.1786233713999,28.0585933947 -97.1762652018999,28.0739214962999 -97.2175331676999,28.0839437164999 -97.2175331676999,28.0986822757 -97.2063318626999,28.1163685468 -97.1809815409,28.1281593940999 -97.1597580156,28.1364129873 -97.1733174901,28.1529201735999 -97.1856978798,28.1723750716999 -97.1591684732999,28.1735541565 -97.1473776259,28.1676587328 -97.1408926599,28.1446665803999 -97.1403031174999,28.1688378174999 -97.0842965924999,28.182397292 -97.0412599997,28.1859345461999 -97.0288796099,28.1994940207 -97.0194469319999,28.1965463087999 -97.0341854912,28.2053894443 -97.0383122877999,28.2042103596 -97.0106037965,28.1900613428 -97.0082456270999,28.1812182072999 -97.0200364744,28.1594051396 -97.0147305930999,28.1517410889 -97.0223946439,28.1346443601999 -97.0100142542,28.1364129873 -96.995275695,28.1246221399 -96.9893802713,28.1269803094 -96.9787685087,28.1688378174999 -96.9663881188999,28.1971358511999 -96.9475227631999,28.2165907493 -96.9675672037,28.2124639528 -96.9882011865,28.2207175459 -96.990559356,28.222486173 -96.9687462883999,28.2313293085 -96.9522391020999,28.2437096983 -96.9492913903,28.2490155796 -96.9445750513,28.2507842067 -96.9345528311,28.2690600201 -96.9186351870999,28.2608064269 -96.9145083905,28.2342770204 -96.9321946615999,28.2236652578 -96.9433959665999,28.1941881394 -96.9239410683999,28.1841659191 -96.932784204,28.1664796481 -96.9469332208,28.1423084109999 -96.9481123055,28.1258012247 -96.9657985765999,28.119905801 -96.9262992378999,28.1287489364999 -96.9068443398,28.1578016604 -96.8881644884999,28.1670691903999 -96.8708822553,28.1765018683 -96.8449423911,28.1682482752 -96.8260770354,28.1605842244 -96.8207711539999,28.1411293262 -96.8201816116999,28.1434874957 -96.8030848829999,28.1216744281 -96.8142861879999,28.1122417501999 -96.8484796453,28.137592072 -96.8732404248,28.1157790044 -96.8885685263999,28.1063463264999 -96.8809044756,28.1028090723 -96.8997698313,28.0904286825999 -96.9221724413,28.0562352251999 -96.9351423733999,28.0538770558 -96.9487018478999,28.0391384966 -96.9534181867999,28.0208626832 -96.9652090342,27.9849005987 -96.98407439,27.9654457006 -96.9834848475999,27.943632633 -96.9935070678999,27.9300731585 -97.0070665422999,27.9200509381999 -97.0229841862999,27.9112078027 -97.0400809149,27.8711189216999 -97.0459763385999,27.8404627186 -97.0624835249,27.8269032440999 -97.1326390666999))","Redfish Bay"
"Menidia","eatenBy","Cynoscion nebulosus",28.03455945,-96.99805223,,"Pearson 1929",,1593516,1593506,"post-juvenile adult stage",,"Literature","Literature",,,,,,,,,,,"POLYGON((27.8269032440999 -97.1326390666999,27.8298509559 -97.1839292526999,27.9689829548 -97.0866547619999,27.9837215139999 -97.0760429994,27.9925646495 -97.0636626096,28.0202731408 -97.0495135927999,28.0379594117999 -97.024163271,28.0721528692 -97.0371332030999,28.0998613605 -97.0271109827999,28.1098835807 -97.0223946439,28.115189462 -97.0306482369999,28.1187267162999 -97.0536403894,28.1033986147 -97.0483345080999,28.0886600555 -97.0618939824999,28.0809960047 -97.0878338466999,28.0798169199999 -97.1013933212,28.0709737844 -97.1120050838,28.0485711745 -97.1344076938,28.0385489541999 -97.1196691346,28.0338326153 -97.1179005074999,28.0273476491999 -97.1408926599,28.0031764121 -97.1461985411999,27.9949228189999 -97.1385344904,27.9984600732 -97.155631219,27.9943332765999 -97.1638848121999,27.9742888361 -97.1774442866999,27.9726358228999 -97.1904903381,27.9925646495 -97.1733174901,28.0055345815999 -97.1615266426999,28.0208626832 -97.1591684732999,28.0243999373999 -97.1538625918999,28.0356012423999 -97.1526835071999,28.0462130049999 -97.1585789309,28.0515188862999 -97.1786233713999,28.0585933947 -97.1762652018999,28.0739214962999 -97.2175331676999,28.0839437164999 -97.2175331676999,28.0986822757 -97.2063318626999,28.1163685468 -97.1809815409,28.1281593940999 -97.1597580156,28.1364129873 -97.1733174901,28.1529201735999 -97.1856978798,28.1723750716999 -97.1591684732999,28.1735541565 -97.1473776259,28.1676587328 -97.1408926599,28.1446665803999 -97.1403031174999,28.1688378174999 -97.0842965924999,28.182397292 -97.0412599997,28.1859345461999 -97.0288796099,28.1994940207 -97.0194469319999,28.1965463087999 -97.0341854912,28.2053894443 -97.0383122877999,28.2042103596 -97.0106037965,28.1900613428 -97.0082456270999,28.1812182072999 -97.0200364744,28.1594051396 -97.0147305930999,28.1517410889 -97.0223946439,28.1346443601999 -97.0100142542,28.1364129873 -96.995275695,28.1246221399 -96.9893802713,28.1269803094 -96.9787685087,28.1688378174999 -96.9663881188999,28.1971358511999 -96.9475227631999,28.2165907493 -96.9675672037,28.2124639528 -96.9882011865,28.2207175459 -96.990559356,28.222486173 -96.9687462883999,28.2313293085 -96.9522391020999,28.2437096983 -96.9492913903,28.2490155796 -96.9445750513,28.2507842067 -96.9345528311,28.2690600201 -96.9186351870999,28.2608064269 -96.9145083905,28.2342770204 -96.9321946615999,28.2236652578 -96.9433959665999,28.1941881394 -96.9239410683999,28.1841659191 -96.932784204,28.1664796481 -96.9469332208,28.1423084109999 -96.9481123055,28.1258012247 -96.9657985765999,28.119905801 -96.9262992378999,28.1287489364999 -96.9068443398,28.1578016604 -96.8881644884999,28.1670691903999 -96.8708822553,28.1765018683 -96.8449423911,28.1682482752 -96.8260770354,28.1605842244 -96.8207711539999,28.1411293262 -96.8201816116999,28.1434874957 -96.8030848829999,28.1216744281 -96.8142861879999,28.1122417501999 -96.8484796453,28.137592072 -96.8732404248,28.1157790044 -96.8885685263999,28.1063463264999 -96.8809044756,28.1028090723 -96.8997698313,28.0904286825999 -96.9221724413,28.0562352251999 -96.9351423733999,28.0538770558 -96.9487018478999,28.0391384966 -96.9534181867999,28.0208626832 -96.9652090342,27.9849005987 -96.98407439,27.9654457006 -96.9834848475999,27.943632633 -96.9935070678999,27.9300731585 -97.0070665422999,27.9200509381999 -97.0229841862999,27.9112078027 -97.0400809149,27.8711189216999 -97.0459763385999,27.8404627186 -97.0624835249,27.8269032440999 -97.1326390666999))","Redfish Bay"
"Menidia","eatenBy","Ariopsis felis",29.584752,-95.044738,,"Diener et al 1974",-378666000000,1523021,1522993,,,"Literature","Literature",,,,,,,,,,,"POLYGON((-95.0548189748 29.5679849797999,-95.0555492178999 29.5685281937,-95.0552651323999 29.5694300605,-95.0535764683999 29.5717666488,-95.0498921105999 29.5744369690999,-95.0496618381999 29.5759723713999,-95.0483569615 29.5772407295,-95.0479731741999 29.5780417896,-95.0479731741999 29.5811124610999,-95.0490477785999 29.5818467383,-95.0492012935 29.5829815198,-95.0475893869 29.5855847937999,-95.0449796335 29.5867195332,-95.0439050291 29.5871867751999,-95.0435212417999 29.5895229523999,-95.0435979993 29.5911916174,-95.0444423313 29.5919925667999,-95.0453634206999 29.5922595485,-95.0459007229 29.5931939789,-95.0476661443999 29.5943286328,-95.0478196593 29.5951295572,-95.0460542378 29.5955967601999,-95.0459007229 29.5979994843,-95.0449796335 29.5986001564,-95.0446726036999 29.6002019312,-95.0459007229 29.6020706362,-95.0472823571 29.6023375913,-95.0487407488 29.6024710685,-95.0484337189 29.6034054042999,-95.0470520848 29.6037390936,-95.0453634206999 29.6032051902,-95.0427536673 29.6030717139999,-95.0422163651 29.6040727817999,-95.0422163651 29.6071426610999,-95.0427536673 29.6083438928,-95.0426769097999 29.6090779717,-95.0414487904999 29.6093449082,-95.0417524944 29.6082764434,-95.0414487904999 29.6075430731999,-95.0399903989 29.6084106274,-95.0391460669 29.609611844,-95.0359222537999 29.6106795801,-95.0348476494 29.6118807695999,-95.0340033174 29.611146711,-95.0339265599999 29.6100789798999,-95.0348476494 29.6094116422,-95.0366130709 29.6090112374999,-95.0376876753 29.6080102186999,-95.0384552497999 29.6068089830999,-95.0394530967 29.6055409965999,-95.0404509436 29.6033386663999,-95.0414487904999 29.6026045455999,-95.0420628501999 29.6014032454999,-95.0419093353 29.5996012686,-95.0419860927 29.5976657761,-95.0422931224999 29.5959972182,-95.0427536673 29.5932607236,-95.0412185181999 29.5919925667999,-95.0403741861999 29.5903906616999,-95.0414487904999 29.5887887310999,-95.0412952756 29.5877207632999,-95.0406044584999 29.5863857876,-95.0409114883999 29.5852510444,-95.0422931224999 29.584383291,-95.0439050291 29.5838492851999,-95.0449028759999 29.5824475064999,-95.0456704505999 29.5820469947999,-95.0462077528 29.5802446721,-95.0462077528 29.5789095975999,-95.0451331483999 29.5767066859,-95.0458239655 29.5751712948999,-95.0472823571 29.5725677522999,-95.0482034465999 29.5703647023,-95.0498153531 29.5706985007999,-95.0516575320999 29.5697638621,-95.0528088939 29.5680948428999,-95.0536532259 29.5671601801,-95.0536188899999 29.5657193177999,-95.0543045486 29.5649525416999,-95.0555289388999 29.5650803382,-95.0566783339999 29.564199289,-95.0572724368 29.5645820985,-95.0564104997999 29.5656767193,-95.0548432803 29.5655489237,-95.0542065973999 29.5658897118,-95.0543045486 29.5669120690999,-95.0548045877 29.5680280816,-95.0548189748 29.5679849797999))","Taylor Lake"
"Menidia","eatenBy","Ariopsis felis",29.584039,-95.071955,,"Diener et al 1974",-378666000000,1523758,1523730,,,"Literature","Literature",,,,,,,,,,,"POLYGON((-95.0687125266999 29.5635722027,-95.0694883263 29.5631223367999,-95.0709014820999 29.5623848255999,-95.0725972691 29.5612170885999,-95.0731599305999 29.5604940801,-95.0746847685 29.5620193801,-95.0733798918 29.5640890843,-95.0739939513999 29.5670266561999,-95.0746847685 29.5686956929999,-95.0760664026999 29.5698973824999,-95.0769874922 29.5705649816,-95.0756826155 29.5710322983,-95.0739939513999 29.5702979425,-95.0719982576 29.5747039972999,-95.0718447426999 29.5766399303,-95.0719215002 29.5780417896,-95.0710004106999 29.5788428434,-95.0710004106999 29.5806451909999,-95.0725355598 29.5822472507999,-95.0732263768999 29.5833820277999,-95.0746847685 29.5839827868999,-95.0765269475 29.5844500416,-95.0785993987 29.5853845442999,-95.0802113052999 29.5860520409999,-95.0816696968999 29.5872535238,-95.0835886332999 29.5868530310999,-95.0854308122 29.5865860351,-95.0864286590999 29.5872535238,-95.0864286590999 29.5879210081,-95.0860448719 29.5892559635,-95.0853540548 29.5893227108,-95.0845097227999 29.5887219835,-95.0829745737 29.5890557212999,-95.0816696968999 29.5903239151,-95.0818232118 29.5913251094,-95.0828210587999 29.5919925667999,-95.0844329652999 29.5924597843,-95.085737842 29.59179233,-95.0868124464 29.5919925667999,-95.0896524722 29.5927935098,-95.0911876212999 29.5943953767,-95.0911876212999 29.5953965305999,-95.0902665318999 29.5957969894,-95.0891919274999 29.5945956083,-95.0873497486 29.5938614239,-95.0855843270999 29.5939949123999,-95.0842026929 29.5941951446999,-95.082360514 29.5936611907999,-95.0805183350999 29.5930604893999,-95.0797507606 29.5916588386,-95.0805950926 29.5902571684,-95.0810556372999 29.5885217402,-95.0800577904 29.5879877562999,-95.0790599434999 29.5881212526,-95.0773712794999 29.5888554787,-95.0757593728999 29.5881212526,-95.0745312536 29.5866527842,-95.0729961045 29.5861855397999,-95.0703095936 29.5853845442999,-95.0695420190999 29.5837157833,-95.0676998401 29.5820469947999,-95.067162538 29.579777398,-95.068509311 29.5779133057,-95.0674695678 29.5772407295,-95.0683906571999 29.5750377815,-95.0685441721 29.572033684,-95.0696187764999 29.5691630184,-95.0697722914 29.5653575917,-95.068851202 29.5635549711999,-95.0687125266999 29.5635722027))","Mud Lake"
"Menidia","eatenBy","Ariopsis felis",29.55908,-95.057509,,"Diener et al 1974",-378666000000,1522284,1522256,,,"Literature","Literature",,,,,,,,,,,"POLYGON((-95.0572724368 29.5645820985,-95.0553619489 29.5633510725,-95.0546510727999 29.5628873257,-95.0518878043999 29.5620861453999,-95.0490477785999 29.5627537961,-95.0466682975 29.5627537961,-95.0442888163999 29.5613517245,-95.0419093353 29.5599496335,-95.0417558203999 29.5583472199,-95.0402974287 29.5574792353,-95.0373038879999 29.5572121615999,-95.0350779217999 29.5578130763999,-95.0334660152 29.5576795401,-95.0317773512 29.5552090863,-95.0316011169 29.5545958728999,-95.0302085481999 29.554728304,-95.0290821092 29.5551969376,-95.0270251335 29.5546004945,-95.0249681579 29.554344875,-95.0224704018 29.5546004945,-95.0205603529 29.553833634,-95.0210501091 29.5531945791,-95.0218826944 29.5537910305,-95.0234009384 29.5538762374999,-95.0247232798 29.5537058234,-95.0273254188 29.5532059714,-95.0280162358999 29.5538736807999,-95.0288862066999 29.5543874783,-95.0305024018999 29.554217065,-95.0313821671 29.5538340244999,-95.0307795043 29.5518037673,-95.0313168065 29.5510692717,-95.0342335897999 29.5504683167,-95.0363060411 29.5487322046,-95.0381482199999 29.5480644611999,-95.0413720331 29.5489325268,-95.0420628501999 29.5500009048999,-95.0436747567 29.5502679975999,-95.0444423313 29.5496670379,-95.0472823571 29.5497338113999,-95.0501991403999 29.5506686354,-95.0499688679999 29.5536065975,-95.0514272597 29.5545413856999,-95.0546510727999 29.5545413856999,-95.0594100349999 29.5536733683999,-95.0627873629999 29.5527385721999,-95.0660111761 29.5525382575999,-95.0679301124999 29.550802181,-95.0699258063 29.5467957366999,-95.0717679851999 29.5457941007999,-95.0729961045 29.5439911311999,-95.07222853 29.5435904669,-95.0723052873999 29.5422549078,-95.073072862 29.5421213509,-95.073917194 29.5436572443999,-95.0749438682999 29.5446263673,-95.0772177645 29.5447256781999,-95.0790599434999 29.5429894675,-95.0779853390999 29.5424552427999,-95.0771410070999 29.5412532269,-95.0778318242 29.5399844169,-95.0785993987 29.5395169566,-95.0785980924 29.5394533111999,-95.0792122845 29.5392573799999,-95.0792134584 29.5393166156999,-95.0799810328999 29.5393833961,-95.0804415777 29.5400511968,-95.0799810328999 29.5418542367,-95.0805950926 29.5429894675,-95.0822837566 29.5433901341999,-95.0835118759 29.542522021,-95.0831280886 29.5408525518,-95.0816696968999 29.5375803121,-95.0819767267999 29.5357104132999,-95.0831280886 29.5355768478,-95.0836653907999 29.5375803121,-95.0841259354999 29.539850857,-95.0848167526 29.5416539004999,-95.0855843270999 29.5443917939,-95.0837421482 29.5469292874,-95.0825907864 29.5487989786999,-95.0782156114999 29.5504015437,-95.0743777386999 29.5513363616,-95.0729961045 29.5540739927,-95.0729961045 29.5553426259,-95.0744544962 29.5580801485,-95.0731496193999 29.5604837656999,-95.0731599305999 29.5604940801,-95.0725972691 29.5612170885999,-95.0709014820999 29.5623848255999,-95.0694883263 29.5631223367999,-95.0687125266999 29.5635722027,-95.0667019931999 29.5638220280999,-95.0654738739 29.5638220280999,-95.0624803332 29.5647567217999,-95.0592565201 29.5646899581999,-95.0572724368 29.5645820985))","Clear Lake"
"Menidia","eatenBy","Ariopsis felis",29.534041,-95.097975,,"Diener et al 1974",-378666000000,1524495,1524467,,,"Literature","Literature",,,,,,,,,,,"POLYGON((-95.0792122845 29.5392573799999,-95.0785980924 29.5394533111999,-95.0785226412999 29.535777196,-95.0779853390999 29.5353764992,-95.0791367008999 29.5342411827999,-95.0782156114999 29.5327719309999,-95.0788296710999 29.531970512,-95.0785993987 29.5309019433,-95.0809788798 29.5326383616,-95.0826675438 29.5329055003,-95.0845097227999 29.5306347994,-95.0873497486 29.5325715769,-95.0877335359 29.5339072639,-95.0892686849999 29.5341743990999,-95.0938741323 29.5342411827999,-95.0969444305 29.5341743990999,-95.0950254941 29.5312358722,-95.0928762853999 29.5303676547999,-95.0927227704 29.5292990692,-95.0935671025 29.5278965335,-95.0932600726 29.5258928772999,-95.0921087108 29.5248242445,-95.0908805914999 29.523087692,-95.0904200468 29.5219522378,-95.0912643788 29.5203492218,-95.0929530428 29.5207499782,-95.0950254941 29.5206831855999,-95.0970979453999 29.5199484639,-95.0974817327 29.5190133557999,-95.0984028220999 29.5182118277999,-95.099400669 29.5188797683,-95.0994774265 29.5201488430999,-95.098556337 29.5213511098,-95.0975584900999 29.5215514862,-95.0947952216999 29.5234884376,-95.0944114345 29.5251581935,-95.0961768558999 29.5301672957999,-95.0975584900999 29.5307683714999,-95.0974817327 29.531970512,-95.0987866093999 29.5327719309999,-95.0996309413999 29.5338404799,-95.097712005 29.5353097162,-95.0956395536999 29.5356436305999,-95.0950254941 29.5366453669999,-95.0967141580999 29.5385820294,-95.096023341 29.5397172969999,-95.0941044046 29.5373131857999,-95.0931833151999 29.5352429331999,-95.0914946511999 29.5349758007,-95.0904200468 29.535777196,-95.0890384126 29.5364450205,-95.0881173231999 29.5366453669999,-95.0872729910999 29.5362446735999,-95.0856610846 29.5349758007,-95.0838956630999 29.5341743990999,-95.0810556372999 29.5341743990999,-95.0791367008999 29.5354432821,-95.0792122845 29.5392573799999))","Clear Creek"
"Menidia beryllina","eatenBy","Phalacrocorax brasilianus",29.976283,-93.827153,,"Morrison and Slack 1976",197362800000,1661617,1661585,,,"Literature","Literature",,,,,,,,,,,"POLYGON((-93.8237152211 29.9737875042,-93.8256404268999 29.9729227581999,-93.8276012845999 29.9722741936999,-93.8310595245999 29.9713476656,-93.8343751567999 29.9713476656,-93.8354447156 29.9731389453999,-93.8357655833 29.9742198745,-93.8350168921 29.9756405062,-93.8323429951999 29.977030235,-93.8307030051 29.9775552386,-93.8290630149 29.9785434731999,-93.8268882453999 29.9795316979,-93.8250343434999 29.9802419783,-93.8237152211 29.9807669648999,-93.8218613191999 29.9815081178,-93.8201214218999 29.9813495349,-93.8192587262 29.9802728599999,-93.8182960415 29.978631943,-93.8186882947999 29.9773081785,-93.8199717653999 29.9759184535,-93.8212552358999 29.9749610762,-93.8222534907 29.9743434085))","Sidney Island"
"Menidia beryllina","eatenBy","Lutjanus campechanus",26.61770711,-97.30149363,,"Davis 1975",25200000,1632080,1632054,,,"Literature","Literature",,,,,,,,,,,"POLYGON((-97.2337549079519 26.7360560184775,-97.2194941242948 26.665985684461,-97.2123637324664 26.6022480110257,-97.2765372589228 26.5512322883622,-97.3478411772076 26.5703658471338,-97.3906235281785 26.6341212925969,-97.38349313635 26.7296877695886,-97.3050588262366 26.7806237745688,-97.2337549079519 26.7360560184775))","Seven and One-Half Fathom Reef"
"Menidia beryllina","eatenBy","Synodus foetens",27.706861,-82.68422,,"Springer and Woodburn 1960",-389206800000,1643929,1643923,,,"Literature","Literature",,,,,,,,,,,"POLYGON((-82.6800759202999 27.6999902899999,-82.6796302708 27.6992274418,-82.6796896907 27.697675424,-82.6798085305999 27.6968862539,-82.6800165002999 27.6957814061,-82.6804145148999 27.69567057,-82.6807592494999 27.6958077122,-82.6809375092999 27.6959918541999,-82.6811157691 27.6963338314,-82.6813534487999 27.6968599480999,-82.6816208384999 27.6974386734999,-82.6818585182 27.6983067558999,-82.682066488 27.6990696105,-82.6823338777 27.6997009343999,-82.6826012674 27.7003585596,-82.6827201073 27.7009485797999,-82.682910152 27.7014051399999,-82.6831608051 27.702104316,-82.6836741933 27.7029965613,-82.6842446245999 27.7039393029999,-82.6844537828 27.7043770018,-82.6847199840999 27.7048652022,-82.6851900368999 27.7050865807,-82.6857802337 27.7053826852,-82.6868795025 27.7056720257,-82.6876222516 27.7060928832,-82.6880976111 27.7066452563,-82.6885729705 27.7071976265999,-82.6887737136 27.7074464411,-82.6888106502999 27.7080393283,-82.6888106502999 27.7084338736999,-82.6883650008 27.7089073263,-82.6878005113999 27.7089336292,-82.687265732 27.7090125378,-82.686463563 27.7093807769,-82.6857505237999 27.7096964095,-82.6854237141999 27.7097227122,-82.6851266145 27.7098016202,-82.6844135752999 27.7098805281,-82.6839679258 27.7097490148,-82.6832251767 27.7093544742,-82.6823635876999 27.7084864796,-82.6815500029999 27.7077602306,-82.6814722886999 27.7070661101,-82.6812643189 27.7062770078999,-82.6806701195999 27.7055142037,-82.6804918598 27.7045935708,-82.6802541800999 27.7038307549,-82.6802541800999 27.7031205420999,-82.6804324399 27.7023314113999,-82.6804621497999 27.7018842348,-82.6804621497999 27.7015422749,-82.6802541800999 27.7009485797999,-82.6801947600999 27.7004374744,-82.6800759202999 27.6999902899999))","Old Tampa Bay"
"Menidia beryllina","eatenBy","Synodus foetens",27.706861,-82.68422,,"Springer and Woodburn 1960",-389206800000,1643939,1643933,,,"Literature","Literature",,,,,,,,,,,"POLYGON((-82.6800759202999 27.6999902899999,-82.6796302708 27.6992274418,-82.6796896907 27.697675424,-82.6798085305999 27.6968862539,-82.6800165002999 27.6957814061,-82.6804145148999 27.69567057,-82.6807592494999 27.6958077122,-82.6809375092999 27.6959918541999,-82.6811157691 27.6963338314,-82.6813534487999 27.6968599480999,-82.6816208384999 27.6974386734999,-82.6818585182 27.6983067558999,-82.682066488 27.6990696105,-82.6823338777 27.6997009343999,-82.6826012674 27.7003585596,-82.6827201073 27.7009485797999,-82.682910152 27.7014051399999,-82.6831608051 27.702104316,-82.6836741933 27.7029965613,-82.6842446245999 27.7039393029999,-82.6844537828 27.7043770018,-82.6847199840999 27.7048652022,-82.6851900368999 27.7050865807,-82.6857802337 27.7053826852,-82.6868795025 27.7056720257,-82.6876222516 27.7060928832,-82.6880976111 27.7066452563,-82.6885729705 27.7071976265999,-82.6887737136 27.7074464411,-82.6888106502999 27.7080393283,-82.6888106502999 27.7084338736999,-82.6883650008 27.7089073263,-82.6878005113999 27.7089336292,-82.687265732 27.7090125378,-82.686463563 27.7093807769,-82.6857505237999 27.7096964095,-82.6854237141999 27.7097227122,-82.6851266145 27.7098016202,-82.6844135752999 27.7098805281,-82.6839679258 27.7097490148,-82.6832251767 27.7093544742,-82.6823635876999 27.7084864796,-82.6815500029999 27.7077602306,-82.6814722886999 27.7070661101,-82.6812643189 27.7062770078999,-82.6806701195999 27.7055142037,-82.6804918598 27.7045935708,-82.6802541800999 27.7038307549,-82.6802541800999 27.7031205420999,-82.6804324399 27.7023314113999,-82.6804621497999 27.7018842348,-82.6804621497999 27.7015422749,-82.6802541800999 27.7009485797999,-82.6801947600999 27.7004374744,-82.6800759202999 27.6999902899999))","Old Tampa Bay"
"Menidia beryllina","eatenBy","Astroscopus y-graecum",27.692171,-82.741351,,"Springer and Woodburn 1960",-389206800000,1642216,1642210,,,"Literature","Literature",,,,,,,,,,,"POLYGON((-82.7388632914999 27.7013842594999,-82.7382699526 27.7010887598999,-82.7380088135 27.7004709877,-82.7379493935 27.7000501085,-82.7379196835999 27.6996555327,-82.7379791034999 27.6991294295,-82.7379196835999 27.6986822398,-82.7376522938999 27.697945688,-82.7375928738999 27.6976300213999,-82.7375037439999 27.6965777929,-82.7377414238 27.6961042868,-82.7377414238 27.6955781664,-82.7378899736 27.6948415937,-82.7377711336999 27.6937893383,-82.7379791034999 27.6933158201,-82.7379493935 27.6925529252999,-82.7379493935 27.6916058760999,-82.7379791034999 27.6906851259,-82.7379791034999 27.6902115942,-82.7381870732999 27.6892908322,-82.7383653331 27.687791289,-82.7383356230999 27.6865284998,-82.7383356230999 27.6858707913,-82.7384841729 27.6847658320999,-82.7383950429999 27.6837924063999,-82.7384841729 27.6833451538,-82.7386921427 27.6831083723,-82.7390189523 27.6828452811,-82.7397319914999 27.6824769523999,-82.7403261908 27.6821612411,-82.7413363296 27.6817139819,-82.7420196589 27.6819507664,-82.7428812479 27.682240169,-82.743623997 27.6826611169,-82.7442479063 27.6829242085,-82.7446935557999 27.6838187152999,-82.7447529756999 27.6853709300999,-82.7450203653999 27.6882385233,-82.7451689152999 27.6902905162999,-82.745084539 27.6922593409,-82.7451986252 27.6938756236999,-82.7451986252 27.6954413747,-82.7451986252 27.6969060893,-82.7451415821 27.6980677455,-82.7449134096 27.6991788833,-82.7448726518999 27.7009906587999,-82.7449134096 27.7022597063,-82.7441148056999 27.7029667682,-82.7435443743 27.7033708013999,-82.7422573910999 27.7030746016999,-82.7388632914999 27.7013842594999))","Pass-a-Grille Beach"
"Menidia beryllina","eatenBy","Astroscopus y-graecum",27.758034,-82.625625,,"Springer and Woodburn 1960",-389206800000,1642206,1642200,,,"Literature","Literature",,,,,,,,,,,"POLYGON((-82.6323875077 27.7601520462,-82.6319121483 27.7606778548999,-82.6315793966 27.7610774679,-82.6312228769999 27.7613298543,-82.6305336057999 27.7613088220999,-82.6293927430999 27.7613508863999,-82.6283709379 27.7613586537999,-82.6280617367 27.7612036611,-82.6275150733 27.7607830164,-82.6268258021 27.7604044347,-82.6262078347999 27.760088949,-82.6257324752999 27.7598155272,-82.6249719001999 27.7597734623,-82.6236646617 27.7596893324,-82.6224524951 27.7595631374,-82.6210977206 27.7593738445999,-82.6206461291999 27.7592266165999,-82.6200756978 27.7589952579999,-82.6193151227 27.758553572,-82.6191249789 27.758027753,-82.6189823711 27.7576070958999,-82.6186496194 27.7569550742999,-82.6184832435999 27.7564082144999,-82.6183168678 27.7559034183,-82.6177920398999 27.7555033553999,-82.6221943513999 27.7537325254,-82.6234507499 27.7543259151999,-82.6243063969999 27.7548517520999,-82.625138276 27.7552934532,-82.6257800112999 27.7556720526,-82.6264930505 27.7560506507999,-82.6270872497999 27.7563240819,-82.627728985 27.7569550742999,-82.6282281124999 27.7575650301,-82.6283469523 27.758132917,-82.6289886876 27.7584694411,-82.6295828868999 27.7586166701,-82.6302071201999 27.7586011329999,-82.6307237495999 27.7586377028,-82.631246645 27.7587638989,-82.6319596841999 27.7589531927,-82.6323162038 27.7587428661999,-82.6329817069999 27.7585956373999,-82.6334808345 27.7585956373999,-82.6339086579999 27.7587428661999,-82.6340512657999 27.7591635188999,-82.6340274978 27.7596893324,-82.6348593768999 27.7598365596999,-82.6354298082 27.7602572081,-82.6357625598 27.7607199195,-82.6357863278 27.7612036611,-82.6358576317 27.7617294647999,-82.63564372 27.7621711379,-82.6353109684 27.7623604258999,-82.6342176416 27.7612667577,-82.6336709782 27.7606568226,-82.6331718507999 27.7602782405,-82.6328628672 27.7601310137999))","Tampa Bay"
"Menidia beryllina","eatenBy","Cynoscion nebulosus",27.869368,-97.131248,,"Seagle 1969",-65811600000,1561199,1561167,,,"Literature","Literature",,,,,,,,,,,"POLYGON((27.8821764997 -97.1388121719,27.8879747667 -97.1324423551999,27.8888990994 -97.1222696628999,27.8844454237999 -97.1171357806999,27.8804117480999 -97.1147589834999,27.8762938825999 -97.11257233,27.8720918176999 -97.1120969705,27.8669650777 -97.1115265392,27.8562065399 -97.1172308526,27.8517515202 -97.1293049827999,27.852676162 -97.137005806,27.8546879961999 -97.1369119833999,27.8559957348999 -97.1389686711,27.8543573086 -97.1405234659,27.8539370244 -97.1463228512999,27.8576354697 -97.1524074522999,27.8660405578 -97.1551645371999,27.8720077746999 -97.1550694653,27.8745290351999 -97.1484144328999,27.8769661979 -97.144801701,27.8786469678 -97.1421396881,27.8800756017 -97.1412840410999,27.8821764997 -97.1388121719))","Redfish Bay"
"Menidia beryllina","eatenBy","Cynoscion nebulosus",27.869368,-97.131248,,"Seagle 1969",-65811600000,1561161,1561143,,,"Literature","Literature",,,,,,,,,,,"POLYGON((27.8821764997 -97.1388121719,27.8879747667 -97.1324423551999,27.8888990994 -97.1222696628999,27.8844454237999 -97.1171357806999,27.8804117480999 -97.1147589834999,27.8762938825999 -97.11257233,27.8720918176999 -97.1120969705,27.8669650777 -97.1115265392,27.8562065399 -97.1172308526,27.8517515202 -97.1293049827999,27.852676162 -97.137005806,27.8546879961999 -97.1369119833999,27.8559957348999 -97.1389686711,27.8543573086 -97.1405234659,27.8539370244 -97.1463228512999,27.8576354697 -97.1524074522999,27.8660405578 -97.1551645371999,27.8720077746999 -97.1550694653,27.8745290351999 -97.1484144328999,27.8769661979 -97.144801701,27.8786469678 -97.1421396881,27.8800756017 -97.1412840410999,27.8821764997 -97.1388121719))","Redfish Bay"
"Menidia beryllina","eatenBy","Cynoscion nebulosus",27.869368,-97.131248,,"Seagle 1969",-65811600000,1561237,1561217,,,"Literature","Literature",,,,,,,,,,,"POLYGON((27.8821764997 -97.1388121719,27.8879747667 -97.1324423551999,27.8888990994 -97.1222696628999,27.8844454237999 -97.1171357806999,27.8804117480999 -97.1147589834999,27.8762938825999 -97.11257233,27.8720918176999 -97.1120969705,27.8669650777 -97.1115265392,27.8562065399 -97.1172308526,27.8517515202 -97.1293049827999,27.852676162 -97.137005806,27.8546879961999 -97.1369119833999,27.8559957348999 -97.1389686711,27.8543573086 -97.1405234659,27.8539370244 -97.1463228512999,27.8576354697 -97.1524074522999,27.8660405578 -97.1551645371999,27.8720077746999 -97.1550694653,27.8745290351999 -97.1484144328999,27.8769661979 -97.144801701,27.8786469678 -97.1421396881,27.8800756017 -97.1412840410999,27.8821764997 -97.1388121719))","Redfish Bay"
"Menidia beryllina","eatenBy","Scomberomorus maculatus",28.01283,-96.979147,,"Miles 1949",-671216400000,1589315,1589287,,,"Literature","Literature",,,,,,,,,,,"POLYGON((((-97.0464136573999 27.8887129097,-97.0477532997 27.8876131275,-97.0494645936999 27.8866677759,-97.0506767602999 27.8869828939999,-97.0513184956 27.8881173115999,-97.0517463191 27.8897558938999,-97.0525306621999 27.891583514,-97.0527445739 27.8939152604999,-97.0531723974 27.8954907363999,-97.0528871818 27.8986416193999,-97.0531723974 27.9005951207999,-97.0535289169999 27.9012882902999,-97.0539567404999 27.9030527014999,-97.0560958580999 27.9051321493,-97.0590193186999 27.9079046841999,-97.0635827695 27.9116852989999,-97.0642958086999 27.9119373352999,-97.0660784067 27.9144576658999,-97.0695292192 27.9161982349,-97.0747284632 27.9169858134999,-97.0763625114 27.9182984318,-97.0751741126999 27.9196110341,-97.0756197622 27.9253862949,-97.0771052605 27.9286675556999,-97.0775509099999 27.9310300018,-97.0757683120999 27.9340486076999,-97.0762139615 27.936935891,-97.0748770130999 27.9399543319,-97.0739857141 27.9431039195,-97.0742828137999 27.9463846423,-97.0717574666 27.9512399291,-97.0711632672999 27.9537330996,-97.0707176178 27.9572759272,-97.0695292192 27.9604250096,-97.0705690679999 27.9625243467999,-97.0686379202 27.9637052060999,-97.0690835696999 27.9694781098,-97.0683111106 27.9741539354,-97.0688815418999 27.97566527,-97.0693604821999 27.9774726630999,-97.0672653198 27.9838093197999,-97.0655540257999 27.9877551846,-97.0650786662999 27.9887626163,-97.0660293851999 27.9903576972999,-97.0665047446999 27.9910293032999,-97.065363882 27.9932119937,-97.0626067971 27.9942193744999,-97.0604201435999 27.9969896228999,-97.0597546404 28.0000955743,-97.0595644966 28.0011028905999,-97.055761621 28.0031174951,-97.0569975556 28.0047963033999,-97.0569024837 28.0063072085,-97.0548109021 28.0105040559,-97.0532897517999 28.0124345507999,-97.0526242485999 28.0139453488,-97.0526242485999 28.0148686038,-97.0524341048 28.016211506,-97.0486312291999 28.0220025799999,-97.0476805101999 28.0232614678999,-97.0458741443 28.0261988156999,-97.0428318438 28.0284647149999,-97.0406451902999 28.0293039248999,-97.0311380012 28.0311501635,-97.0282858445 28.0316536777,-97.0247681845 28.0321571895,-97.0255287595999 28.0348425458,-97.025243544 28.0387026281999,-97.0250534001999 28.0406326174,-97.0293791712 28.0484780867999,-97.0300922103999 28.0506176608999,-97.0315182888 28.0513727945999,-97.0339426219999 28.0565327326,-97.0335147984999 28.0598047599999,-97.0318035044 28.0604339847,-97.0320887201 28.0655934876999,-97.0338000140999 28.0664743538,-97.0349408767999 28.0673552125,-97.0357965239 28.0699977455999,-97.0357965239 28.0728918739,-97.0362243473999 28.0756600974999,-97.0363669551999 28.0799381211,-97.0339426219999 28.0834610713,-97.0339426219999 28.0889969025,-97.0336574062999 28.0927711691999,-97.0312330730999 28.0966711053,-97.0276678772 28.1001935064999,-97.0242452890999 28.1025836413999,-97.0203948774999 28.1048479307,-97.0215832761 28.1058542661,-97.0231044263999 28.105518822,-97.0247206485999 28.1057704052,-97.0255762956 28.1068605920999,-97.0269073019999 28.1102988013999,-97.0093190022 28.1348662103999,-97.0072274206 28.1359561015,-97.0058013422 28.1369621449999,-97.0031393292999 28.1370459814999,-97.0009526757999 28.1375489993,-96.9983857346999 28.1367944717,-96.9964842968999 28.1362076132,-96.9947730029 28.1347823720999,-96.9936321402 28.1327702347999,-96.9916356304999 28.131261107,-96.9906849115999 28.1306742181999,-96.9895440489 28.1306742181999,-96.9886884018 28.1299196422,-96.9892588331999 28.1295842733999,-96.9910651991 28.1295842733999,-96.9939173558999 28.1295842733999,-96.9958187936999 28.129500431,-96.9968645845 28.1288296897,-96.9957237218 28.1279912571,-96.9904947678 28.1280751006999,-96.9891637613 28.1272366622,-96.9880228985999 28.1273205064,-96.9858362451 28.1274043503999,-96.9848855262 28.1265659067,-96.984220023 28.1256436110999,-96.9846953824 28.1245536151,-96.9848855262 28.1239666896,-96.9835545196999 28.1245536151,-96.9793713564999 28.1248051536,-96.9787058532999 28.1254759201,-96.9649299362999 28.1248889997,-96.9599861978999 28.1223735899,-96.9543769563999 28.122792829,-96.9503839368999 28.1222058938,-96.9449648391999 28.1227089813,-96.9407816758999 28.1227089813,-96.937264016 28.1232120664,-96.9331759246999 28.1232959137,-96.9310843430999 28.1240505363,-96.925902925 28.1244278456,-96.9194855724 28.123798996,-96.9114044616 28.121702804,-96.9059378279 28.1198161961,-96.9021349522 28.1177199261999,-96.9011842333 28.1147850794999,-96.9033233508999 28.1120597926999,-96.8945292009999 28.1135272634,-96.8906236780999 28.1117011207999,-96.8878741686 28.1101730152,-96.8852596915999 28.1114308706,-96.8797930578 28.1089151450999,-96.8805060969999 28.1063993604999,-96.883120574 28.1049317923,-96.8888248874999 28.1045124834,-96.8921524036999 28.1040931729,-96.8969155054 28.1031706839999,-96.8992810521999 28.1024118741,-96.9031332070999 28.1017617764999,-96.9078677873 28.0997490194,-96.9111192458999 28.098541347,-96.9122601085999 28.0975852633999,-96.9127734968 28.0972833404999,-96.9134009713 28.0972330198999,-96.9152833947999 28.0956227492999,-96.9173369476 28.0938614882,-96.9254228119999 28.0889056894,-96.9266112106 28.0849740172,-96.9276510594 28.0837944873999,-96.9278355088 28.0829961132,-96.9283405781999 28.080951549,-96.9287862277 28.0800865293999,-96.9292021672 28.0794574198999,-96.9292615871 28.0788283065999,-96.9294695569 28.0783040427999,-96.9295883968 28.0773865749,-96.9305391157 28.0758399684,-96.9308065054 28.0749749077,-96.9309847651999 28.0742671255,-96.9313412847999 28.0736379818,-96.9320840338999 28.0724845423,-96.9320543239 28.0720126770999,-96.9323811336 28.0686571313,-96.9321583530999 28.0671276435,-96.932844609 28.0660407816,-96.9322266416999 28.0651179657,-96.9321672218 28.0647456911,-96.9327433060999 28.0622246080999,-96.9327352763999 28.0616269233,-96.932716262 28.0608718617,-96.9326592187999 28.0602174707,-96.9327352763999 28.0592946047,-96.9330395063999 28.0585227472,-96.9333437365 28.0575159680999,-96.9340472683999 28.0564252801,-96.934978973 28.0549989790999,-96.9353592604999 28.0544284534,-96.935682505 28.0540425077999,-96.9360818069 28.0537740231999,-96.9367282957999 28.0535055378,-96.9377360577999 28.0531531497,-96.9384205754 28.0527839800999,-96.9389339635999 28.0523309065,-96.93965651 28.0521631009,-96.9402839844999 28.0520120756999,-96.9411206170999 28.0520288563,-96.9421093648 28.0522302231999,-96.9433072706 28.0526497361999,-96.944029817 28.0528846628,-96.9447143345999 28.0530524672,-96.9456650534999 28.0533377341,-96.9461784416999 28.0535055378,-96.9465016861999 28.0533880752,-96.9468059162 28.0530189063999,-96.9470340887999 28.0525826143,-96.9467488731 28.0522302231999,-96.9467298586999 28.0516429020999,-96.9467108443 28.0494949578999,-96.9454558954 28.0478839716,-96.945436881 28.0473637521,-96.9454749097999 28.0466085903,-96.9457601254 28.0456856075999,-96.9461404129999 28.0447793985999,-96.9465587292999 28.0441584733,-96.9469770455999 28.0436717995999,-96.9477376207999 28.0434368527999,-96.948251009 28.0428998298,-96.9488024258999 28.042346022,-96.9494299004 28.0418425579,-96.949810188 28.0415740428,-96.9504186480999 28.0412887447,-96.9511221801 28.0403489338999,-96.9557141524 28.0341896135,-96.9554764726999 28.0331406478,-96.9554170528 28.0323014679,-96.95785327 28.0289971332999,-96.9592793483 28.0278956657999,-96.9615373057 28.0246436486,-96.9643894624999 28.0222307981999,-96.9689613311 28.0161245588,-96.9717184159 28.0116761274999,-96.9722888473 28.0092420024,-96.9730494223999 28.0078990133,-96.9776128732 28.0000925575,-96.9788488077 27.9980778965,-96.9793241672 27.9940484613999,-96.9798945984999 27.9922015866999,-96.9814157488 27.9897670215999,-96.9850284806999 27.9843939938,-96.9848383368999 27.9815394638999,-96.9827467552999 27.9794404965999,-96.9794192390999 27.9703724885999,-96.9809403893 27.967685525,-96.9821763239 27.9658381988,-96.9846481931 27.9621434513999,-96.9851235524999 27.9598761574,-96.9854087682 27.9589524314,-96.9859791995999 27.9541657245,-96.9889264282 27.9518982628999,-96.9906377222 27.9493788053999,-96.9942504540999 27.9461034226,-96.9948208854 27.944255727,-96.9970075388999 27.9419880574,-96.9980533296999 27.9398883209,-96.9996695518999 27.9365286574999,-97.0010956301999 27.9356047317,-97.0020463492 27.9340088414,-97.0035674994 27.9314889666,-97.0038527150999 27.9303130047999,-97.0049935777999 27.9287170363999,-97.0086063095999 27.9251050206,-97.0107929631 27.9244330044,-97.012694401 27.9240969947,-97.0148810544 27.9221649186999,-97.0174479955 27.9199807912999,-97.0198247927999 27.9173765817,-97.0214410149 27.9160324489,-97.0231523089999 27.9141842390999,-97.0253389625 27.9144362695999,-97.0260044656999 27.9148563191,-97.0280009754 27.9141842390999,-97.0291418381 27.9136801764,-97.0299974850999 27.9123359978,-97.0317087792 27.9117479143,-97.0323742823999 27.9100676583,-97.0321841386 27.9076312408,-97.0367475893999 27.9054468198,-97.0377933802 27.9038504843,-97.0387440991 27.9022541251999,-97.0389342428999 27.9013299064999,-97.0392194586 27.9000695956,-97.0381736677999 27.8986412255,-97.0374130926 27.897716976,-97.0387440991 27.8967086948,-97.0393145304 27.8956163796,-97.039694818 27.8943560021999,-97.0394096022999 27.8930115834,-97.0398849617999 27.8919192307999,-97.0403603211999 27.8907428388,-97.041406112 27.8910789520999,-97.0428321904 27.892759503,-97.0443771086 27.8920242652,-97.0451139158 27.8915621131999,-97.0456145209 27.891287334,-97.0461121706999 27.8907008246,-97.0463023143999 27.8900075873,-97.0463379664 27.8895139157,-97.0464136573999 27.8887129097))","Aransas Bay"
"Menidia beryllina","eatenBy","Scomberomorus maculatus",27.850581,-97.063523,,"Miles 1949",-671216400000,1589411,1589383,,,"Literature","Literature",,,,,,,,,,,"POLYGON((((-97.0635233496 27.8708788474999,-97.0631415244999 27.8708752559,-97.0627598346 27.8708644825999,-97.0623784148999 27.8708465312,-97.0619974003 27.8708214082999,-97.0578713455 27.8700760752999,-97.0612371258 27.8707496855,-97.0608581349 27.870703111,-97.0604800872 27.8706494157,-97.0601031164 27.8705886185,-97.0597273559999 27.8705207409,-97.0593529389 27.8704458069999,-97.0589799976 27.8703638432,-97.0586086641 27.8702748786,-97.0582390697999 27.8701789445999,-97.0578713455 27.8700760752999,-97.0575056212999 27.8699663069,-97.0571420266 27.8698496784,-97.0567806902 27.8697262311,-97.0564217399 27.8695960085,-97.0560653026 27.8694590568,-97.0557115045999 27.8693154245,-97.0553604711 27.8691651624,-97.0550123262 27.8690083235999,-97.0546671932 27.8688449636999,-97.0543251941 27.8686751404,-97.0539864500999 27.8684989139,-97.0536510809999 27.8683163466,-97.0533192055 27.8681275028999,-97.0529909411 27.8679324499,-97.0526664038 27.8677312563999,-97.0523457084999 27.8675239937,-97.0520289688 27.8673107352,-97.0517162966999 27.8670915561999,-97.0514078028 27.8668665344,-97.0511035963999 27.8666357494,-97.0508037849999 27.8663992829,-97.0505084748999 27.8661572185,-97.0502177703999 27.8659096419,-97.0499317744999 27.8656566406999,-97.0496505882999 27.8653983045,-97.0493743114 27.8651347246,-97.0491030415 27.8648659943999,-97.0488368747 27.8645922089,-97.0485759050999 27.8643134649999,-97.0483202250999 27.8640298613999,-97.0480699250999 27.8637414985,-97.0478250938 27.8634484781999,-97.0475858177999 27.8631509042999,-97.0473521817 27.862848882,-97.0471242681999 27.8625425183,-97.0469021579999 27.8622319215999,-97.0466859296 27.8619172016999,-97.0464756596999 27.8615984702,-97.0462714226 27.8612758396,-97.0460732906 27.8609494242999,-97.0458813336999 27.8606193397,-97.04569562 27.8602857025999,-97.0455162151999 27.8599486312,-97.0453431826999 27.8596082446,-97.0451765836999 27.8592646634,-97.0450164772999 27.8589180091,-97.04486292 27.8585684044,-97.0447159663 27.858215973,-97.0445756680999 27.8578608396999,-97.044442075 27.8575031301,-97.0443152345 27.8571429707999,-97.0478250938 27.8634484781999,-97.0475858177999 27.8631509042999,-97.0473521817 27.862848882,-97.0471242681999 27.8625425183,-97.0469021579999 27.8622319215999,-97.0466859296 27.8619172016999,-97.0464756596999 27.8615984702,-97.0462714226 27.8612758396,-97.0460732906 27.8609494242999,-97.0458813336999 27.8606193397,-97.04569562 27.8602857025999,-97.0455162151999 27.8599486312,-97.0453431826999 27.8596082446,-97.0451765836999 27.8592646634,-97.0450164772999 27.8589180091,-97.04486292 27.8585684044,-97.0447159663 27.858215973,-97.0445756680999 27.8578608396999,-97.044442075 27.8575031301,-97.0443152345 27.8571429707999,-97.0441951912 27.8567804891999,-97.0440819877999 27.8564158137,-97.0439756643 27.8560490732,-97.0438762582 27.8556803976,-97.0437838048 27.8553099173,-97.0436983368999 27.8549377633999,-97.0436198845 27.8545640677,-97.0435484756 27.8541889623,-97.0434841354 27.8538125801,-97.0434268866 27.8534350541,-97.0433767494999 27.8530565181,-97.0433337417999 27.8526771059,-97.0432978788 27.8522969518,-97.0432691732 27.8519161904,-97.0432476351 27.8515349563999,-97.0432332720999 27.8511533847,-97.0432260893 27.8507716103,-97.0432260893 27.8503897683999,-97.0432332720999 27.8500079939999,-97.0432476351 27.8496264222999,-97.0432691732 27.8492451882,-97.0432978788 27.8488644267999,-97.0433337417999 27.8484842728,-97.0433767494999 27.8481048605999,-97.0434268866 27.8477263245,-97.0434841354 27.8473487985999,-97.0435484756 27.8469724163,-97.0436198845 27.846597311,-97.0436983368999 27.8462236152,-97.0437838048 27.8458514613999,-97.0438762582 27.8454809811,-97.0439756643 27.8451123054999,-97.0440819877999 27.844745565,-97.0441951912 27.8443808894999,-97.0443152345 27.8440184078999,-97.044442075 27.8436582486,-97.0445756680999 27.8433005388999,-97.0447159663 27.8429454055999,-97.04486292 27.8425929741999,-97.0450164772999 27.8422433695999,-97.0451765836999 27.8418967152999,-97.0453431826999 27.841553134,-97.0455162151999 27.8412127474999,-97.04569562 27.840875676,-97.0458813336999 27.8405420389999,-97.0460732906 27.8402119544,-97.0462714226 27.839885539,-97.0464756596999 27.8395629085,-97.0466859296 27.8392441768999,-97.0469021579999 27.8389294571,-97.0471242681999 27.8386188602999,-97.0473521817 27.8383124966,-97.0475858177999 27.8380104744,-97.0478250938 27.8377129005,-97.0480699250999 27.8374198801999,-97.0483202250999 27.8371315172,-97.0485759050999 27.8368479136,-97.0488368747 27.8365691698,-97.0491030415 27.8362953843,-97.0493743114 27.8360266540999,-97.0496505882999 27.8357630741999,-97.0499317744999 27.835504738,-97.0502177703999 27.8352517368,-97.0505084748999 27.8350041602,-97.0508037849999 27.8347620957999,-97.0511035963999 27.8345256292,-97.0514078028 27.8342948441999,-97.0517162966999 27.8340698224,-97.0520289688 27.8338506435,-97.0523457084999 27.8336373849,-97.0526664038 27.8334301221999,-97.0529909411 27.8332289288,-97.0533192055 27.8330338757,-97.0536510809999 27.8328450321,-97.0539864500999 27.8326624647,-97.0543251941 27.8324862382,-97.0546671932 27.832316415,-97.0550123262 27.8321530551,-97.0553604711 27.8319962162999,-97.0557115045999 27.8318459541,-97.0560653026 27.8317023218,-97.0564217399 27.8315653701,-97.0567806902 27.8314351476,-97.0571420266 27.8313117002,-97.0575056212999 27.8311950717,-97.0578713455 27.8310853033999,-97.0582390697999 27.8309824339999,-97.0586086641 27.8308865001,-97.0589799976 27.8307975355,-97.0593529389 27.8307155717,-97.0597273559999 27.8306406377999,-97.0601031164 27.8305727601999,-97.0604800872 27.8305119629999,-97.0608581349 27.8304582676,-97.0612371258 27.8304116931999,-97.0616169256999 27.8303722560999,-97.0619974003 27.8303399704,-97.0623784148999 27.8303148474,-97.0627598346 27.8302968960999,-97.0631415244999 27.8302861226999,-97.0635233496 27.8302825312,-97.0639051745999 27.8302861226999,-97.0642868646 27.8302968960999,-97.0646682842999 27.8303148474,-97.0650492989 27.8303399704,-97.0654297733999 27.8303722560999,-97.0658095734 27.8304116931999,-97.0661885643 27.8304582676,-97.066566612 27.8305119629999,-97.0669435827999 27.8305727601999,-97.0673193431999 27.8306406377999,-97.0676937603 27.8307155717,-97.0680667016 27.8307975355,-97.0684380351 27.8308865001,-97.0688076293999 27.8309824339999,-97.0691753537 27.8310853033999,-97.0695410778999 27.8311950717,-97.0699046725 27.8313117002,-97.0702660089999 27.8314351476,-97.0706249593 27.8315653701,-97.0709813965 27.8317023218,-97.0713351944999 27.8318459541,-97.0716862281 27.8319962162999,-97.0720343729999 27.8321530551,-97.072379506 27.832316415,-97.072721505 27.8324862382,-97.0730602489999 27.8326624647,-97.0733956180999 27.8328450321,-97.0737274936 27.8330338757,-97.0740557581 27.8332289288,-97.0743802954 27.8334301221999,-97.0747009906999 27.8336373849,-97.0750177304 27.8338506435,-97.0753304025 27.8340698224,-97.0756388963999 27.8342948441999,-97.0759431027999 27.8345256292,-97.0762429141 27.8347620957999,-97.0765382242999 27.8350041602,-97.0768289287999 27.8352517368,-97.0771149246999 27.835504738,-97.0773961108999 27.8357630741999,-97.0776723878 27.8360266540999,-97.0779436576 27.8362953843,-97.0782098244 27.8365691698,-97.0784707939999 27.8368479136,-97.0787264740999 27.8371315172,-97.0789767739999 27.8374198801999,-97.0792216053999 27.8377129005,-97.0794608813999 27.8380104744,-97.0796945175 27.8383124966,-97.079922431 27.8386188602999,-97.0801445411999 27.8389294571,-97.0803607695 27.8392441768999,-97.0805710393999 27.8395629085,-97.0807752765999 27.839885539,-97.0809734086 27.8402119544,-97.0811653653999 27.8405420389999,-97.0813510791 27.840875676,-97.0815304839999 27.8412127474999,-97.0817035164999 27.841553134,-97.0818701154999 27.8418967152999,-97.0820302218999 27.8422433695999,-97.0821837791999 27.8425929741999,-97.0823307329 27.8429454055999,-97.0824710310999 27.8433005388999,-97.0826046241 27.8436582486,-97.0827314647 27.8440184078999,-97.0828515079 27.8443808894999,-97.0829647113999 27.844745565,-97.0830710349 27.8451123054999,-97.0831704409999 27.8454809811,-97.0832628943 27.8458514613999,-97.0833483623 27.8462236152,-97.0834268146 27.846597311,-97.0834982235 27.8469724163,-97.0835625638 27.8473487985999,-97.0836198126 27.8477263245,-97.0836699496999 27.8481048605999,-97.0837129572999 27.8484842728,-97.0837488203 27.8488644267999,-97.083777526 27.8492451882,-97.0837990641 27.8496264222999,-97.0838134270999 27.8500079939999,-97.0838206098 27.8503897683999,-97.0838206098 27.8507716103,-97.0838134270999 27.8511533847,-97.0837990641 27.8515349563999,-97.083777526 27.8519161904,-97.0837488203 27.8522969518,-97.0837129572999 27.8526771059,-97.0836699496999 27.8530565181,-97.0836198126 27.8534350541,-97.0835625638 27.8538125801,-97.0834982235 27.8541889623,-97.0834268146 27.8545640677,-97.0833483623 27.8549377633999,-97.0832628943 27.8553099173,-97.0831704409999 27.8556803976,-97.0830710349 27.8560490732,-97.0829647113999 27.8564158137,-97.0828515079 27.8567804891999,-97.0827314647 27.8571429707999,-97.0826046241 27.8575031301,-97.0824710310999 27.8578608396999,-97.0823307329 27.858215973,-97.0821837791999 27.8585684044,-97.0820302218999 27.8589180091,-97.0818701154999 27.8592646634,-97.0817035164999 27.8596082446,-97.0815304839999 27.8599486312,-97.0813510791 27.8602857025999,-97.0811653653999 27.8606193397,-97.0809734086 27.8609494242999,-97.0807752765999 27.8612758396,-97.0805710393999 27.8615984702,-97.0803607695 27.8619172016999,-97.0801445411999 27.8622319215999,-97.079922431 27.8625425183,-97.0796945175 27.862848882,-97.0794608813999 27.8631509042999,-97.0792216053999 27.8634484781999,-97.0789767739999 27.8637414985,-97.0787264740999 27.8640298613999,-97.0784707939999 27.8643134649999,-97.0782098244 27.8645922089,-97.0779436576 27.8648659943999,-97.0776723878 27.8651347246,-97.0773961108999 27.8653983045,-97.0771149246999 27.8656566406999,-97.0768289287999 27.8659096419,-97.0765382242999 27.8661572185,-97.0762429141 27.8663992829,-97.0759431027999 27.8666357494,-97.0756388963999 27.8668665344,-97.0753304025 27.8670915561999,-97.0750177304 27.8673107352,-97.0747009906999 27.8675239937,-97.0743802954 27.8677312563999,-97.0740557581 27.8679324499,-97.0737274936 27.8681275028999,-97.0733956180999 27.8683163466,-97.0730602489999 27.8684989139,-97.072721505 27.8686751404,-97.072379506 27.8688449636999,-97.0720343729999 27.8690083235999,-97.0716862281 27.8691651624,-97.0713351944999 27.8693154245,-97.0709813965 27.8694590568,-97.0706249593 27.8695960085,-97.0702660089999 27.8697262311,-97.0699046725 27.8698496784,-97.0695410778999 27.8699663069,-97.0691753537 27.8700760752999,-97.0688076293999 27.8701789445999,-97.0684380351 27.8702748786,-97.0680667016 27.8703638432,-97.0676937603 27.8704458069999,-97.0673193431999 27.8705207409,-97.0669435827999 27.8705886185,-97.066566612 27.8706494157,-97.0661885643 27.870703111,-97.0658095734 27.8707496855,-97.0654297733999 27.8707891225,-97.0650492989 27.8708214082999,-97.0646682842999 27.8708465312,-97.0642868646 27.8708644825999,-97.0639051745999 27.8708752559,-97.0635233496 27.8708788474999))","Lydia Ann Channel at Port Aransas"
"Menidia beryllina","eatenBy","Scomberomorus maculatus",27.510367,-97.322021,,"Miles 1949",-671216400000,1589363,1589335,,,"Literature","Literature",,,,,,,,,,,"POLYGON((((((((-97.253652774 27.6994574848,-97.2512759767 27.7036662269,-97.2468194818 27.7036662269,-97.2399861896 27.7018249222,-97.2037400311999 27.6881456863,-97.2004719348999 27.6852517821,-97.2022545329 27.6805161371,-97.198689337 27.6723598226999,-97.1972038387 27.6681498738,-97.1966096392999 27.660782073,-97.1973267017 27.6543302432999,-97.1982857292999 27.6530057179999,-97.2000262854 27.6551243173999,-97.2010661342 27.6552558964,-97.2032943817 27.6548611587999,-97.203888581 27.6530190313,-97.20477988 27.6511768726999,-97.203888581 27.6498610261,-97.2016544315 27.6483530329,-97.2001748353 27.6460449815,-97.2010661342 27.6438079278999,-97.2050769795999 27.6403864633999,-97.2071525313999 27.6407589039999,-97.2083450758999 27.6426235869999,-97.2113160724999 27.6430183687,-97.2130986704 27.641702424,-97.2215374892 27.6335832213,-97.2232487832 27.6333810757999,-97.2236480851999 27.6326735636,-97.2239333007999 27.6319660467999,-97.2241614734 27.630904763,-97.2246748615999 27.6303488484,-97.2258157243 27.629843469,-97.2267854576 27.629843469,-97.2276411045999 27.6301466968999,-97.2287249241 27.630449924,-97.2300369162 27.6308036878,-97.2305503043999 27.6314606749,-97.2312348221 27.6316122867,-97.2322045553 27.6305509994999,-97.2333454179999 27.629034857,-97.2357412296999 27.6247895465,-97.2371102648999 27.6234249474,-97.2377377394 27.6220603314,-97.2383081707999 27.6203924442,-97.2374525237 27.6197353907999,-97.2357982727999 27.6201397317999,-97.2351707983 27.6226162881,-97.2342581081999 27.6227173708999,-97.2332883748999 27.6210494936999,-97.2338588062 27.6203419018,-97.2348285395 27.6196343053,-97.2355130571999 27.6188256179,-97.2361975748 27.6183707287,-97.2373954806 27.6179663811,-97.23756661 27.6174104008,-97.2383652138999 27.6169049616,-97.2397342490999 27.6167027852999,-97.2430427509 27.6132151853,-97.2432138803 27.6119515345999,-97.2437843116999 27.6104351347,-97.2444117862 27.6096769267999,-97.2447540449999 27.6085143311999,-97.2452674331999 27.6073517232999,-97.2460089939 27.6065429452999,-97.2461230801999 27.6059363578999,-97.2468646409 27.6051275694,-97.2471498566 27.6045715238999,-97.2473780291999 27.6039143755,-97.2471498566 27.6032572232,-97.2477202879999 27.6027011681999,-97.2484048056 27.6030044713,-97.2508006171999 27.6041671254,-97.2508006171999 27.6049759208999,-97.2502301858999 27.6050264703999,-97.2506865309999 27.606138554,-97.2508006171999 27.6068967864,-97.2509147035 27.6076044652,-97.2518844367999 27.6078572065,-97.2523407819 27.6071495292999,-97.2527400838 27.6066945916,-97.2534816446 27.6062396519999,-97.2538809465 27.6056836121,-97.2539950328 27.6050770199,-97.2541661621999 27.6044704243999,-97.2543372915999 27.6037627253999,-97.2546225072999 27.6028022694,-97.2565619738 27.6009824349,-97.2577028365 27.5969888033999,-97.2558116982 27.5964332431,-97.2537914204999 27.5936948957,-97.2509392637 27.5894819198999,-97.2483247866999 27.5872700428,-97.2492755055999 27.586006093,-97.2463045091 27.5835834819,-97.2473740677999 27.5824248228,-97.248087107 27.5807394787,-97.2484436265999 27.5789487722999,-97.2493943454999 27.5774740509,-97.2514146232 27.5772633748,-97.2529975701999 27.5784515827,-97.2558782484999 27.5758349801,-97.2574646615999 27.5740781661,-97.2584748004999 27.5731827621999,-97.2589501598999 27.5722083437,-97.2593958094 27.5701277996,-97.2596631991 27.5687319694,-97.2603168184 27.5667040334999,-97.2601088485999 27.5659929302999,-97.25886103 27.5662299652,-97.2586233502999 27.5672044368,-97.2582668306999 27.5691796903999,-97.2580125134 27.5709263118,-97.2577795873 27.5713139779,-97.2574610963999 27.5714193216999,-97.2572519383 27.5712170615,-97.2571521128 27.5709305256,-97.2571235911999 27.5705723545999,-97.2573612709 27.5697380223999,-97.2578984271 27.5677266094999,-97.2578746591999 27.5647768452,-97.2608456557999 27.559045648,-97.2617250706999 27.5579499438999,-97.2628183974999 27.5557795745999,-97.2639117242 27.554578478,-97.2641494039999 27.5537777396,-97.2628659333999 27.5532087903999,-97.2630085412999 27.5520076656,-97.2634839006999 27.5508697458999,-97.2638879562999 27.5502586359999,-97.2643870837 27.5496896685,-97.2648386751999 27.5489731868,-97.2655754822999 27.5462758018999,-97.2659557699 27.5439155356999,-97.2659557699 27.5434940543,-97.2663835933999 27.5429882743999,-97.2670015606999 27.5423560463,-97.2677145999 27.5399535464,-97.2718977631 27.5385204512999,-97.2725157304 27.5383307755,-97.2727771781 27.5379303478,-97.2737992009 27.5369608853,-97.2752965832 27.5351062374999,-97.2769128053 27.5314179245,-97.277198021 27.5306170172999,-97.2778872922 27.5293734918999,-97.278956851 27.5279613358999,-97.2798600339999 27.5269074763,-97.2806919129999 27.5260222263999,-97.2810484326 27.5247997268,-97.2827597266 27.5233032000999,-97.2829023344999 27.5222282177,-97.2834014618999 27.5205419495999,-97.2834965338 27.5190453648999,-97.2837817494999 27.5187713402,-97.2843284127999 27.5173801271,-97.2848513082 27.5160732139999,-97.2854455076 27.5153986721,-97.2863962265 27.5140917354,-97.2873469454 27.5133750216,-97.2882976643 27.5128058630999,-97.2898425825 27.5077465478,-97.2917202523999 27.5034459467999,-97.2926472033 27.5024761803,-97.2936692260999 27.5013799120999,-97.2940257456999 27.5011480078,-97.2939306738 27.4999673965999,-97.2945011051999 27.4982807873,-97.2948576248 27.4980067107999,-97.2952854483 27.4962989882,-97.2958558795999 27.4956243251,-97.296426311 27.4947599069,-97.2963550071 27.4937689801999,-97.2980663010999 27.4923563671,-97.3000152749 27.4885611973,-97.3005857061999 27.4873382814,-97.3010848336 27.4852719442999,-97.3020355526 27.4844496157,-97.3030575754 27.4840068208999,-97.3036042388 27.4831423115,-97.3050540850999 27.4825519109,-97.3055056766 27.4826362541,-97.3059335000999 27.4821934518999,-97.3062424837 27.4810126375,-97.3072882744999 27.480274622,-97.3076447941 27.4802535357999,-97.3087143528999 27.4772381635999,-97.3095937678999 27.4758885996,-97.3098789836 27.4749607647999,-97.3096650717999 27.4741172718,-97.3099265194999 27.4736533479999,-97.3105920227 27.4733159475,-97.3122795488 27.4731261593,-97.3129212841 27.4724302665,-97.3133491076 27.4713758751,-97.3131827317999 27.4705956188999,-97.3132302677 27.4699418866,-97.3138006991 27.4683813484,-97.3153456172999 27.4655554528,-97.3166528558 27.4637628696,-97.3177937184999 27.4615484618,-97.3195525484999 27.4590176556,-97.3201942837 27.4562126108,-97.3207171791 27.4556853387999,-97.3222620973999 27.4524794706,-97.3225235450999 27.4514670718,-97.3238268222 27.4492787822999,-97.3238268222 27.4483296312,-97.3242724716999 27.4470113522,-97.3248666710999 27.4456930574,-97.3256094201999 27.4426872864,-97.3271840483999 27.4407624954,-97.3275702779999 27.4398132709999,-97.3286398367 27.4387058322,-97.3281941871999 27.4379147977,-97.3284912869 27.4375720142999,-97.3291151961999 27.4374401741999,-97.3297391054999 27.4367018670999,-97.3302441749 27.4357789762,-97.3309572140999 27.4345923907999,-97.3309572140999 27.4339331712,-97.3306006945 27.4324828742,-97.3304521447 27.4319291195,-97.3306898243999 27.4284746816999,-97.3312543137 27.4280000175999,-97.3311948938 27.4273143881999,-97.3312543137 27.4259167459,-97.3306601144 27.4226203495,-97.3300659150999 27.4219610584,-97.3311354739 27.4187964063,-97.3314622835 27.4171876734999,-97.3313434436 27.4159745151,-97.3316108333 27.4153415577,-97.3317890930999 27.4140756319,-97.3331557516 27.4120975937999,-97.3342847302999 27.4093019062,-97.3348195095999 27.4087216602999,-97.3347600896999 27.4076666598999,-97.3352948690999 27.406796277,-97.3357999385 27.406057765,-97.3361564581 27.4047126052999,-97.3360970381999 27.4034465577,-97.3366615274999 27.4028399048,-97.337166597 27.4017320952,-97.3385926753 27.4009144191,-97.3401970135 27.3994109343,-97.3411774423999 27.3986723728999,-97.3412665723 27.3980656937,-97.3412368622999 27.3973798785,-97.3416825118 27.3957972118,-97.3423064211 27.3952696512,-97.3424549708999 27.3944255488999,-97.3430491702 27.3938452249,-97.3463172664999 27.3902840790999,-97.3479810246 27.3873295599,-97.3484860939999 27.3864853971,-97.3492585531 27.3830295383,-97.3498230425 27.3820534365,-97.3513976705999 27.3788348777,-97.3529722987999 27.3767242963999,-97.353390824 27.373682667,-97.3542464710999 27.3725006913999,-97.3552922619 27.3706432757999,-97.3575739871999 27.3683636776,-97.360426144 27.3670127824,-97.3605212158999 27.362706694,-97.3607113596 27.361271294,-97.3624226536999 27.3600891859,-97.3632783007 27.3575560546,-97.3628980130999 27.3544317795999,-97.3614719347999 27.3512229729,-97.3627078693999 27.3491963102,-97.3627078693999 27.3479296273,-97.3644191634 27.3464940357,-97.3640388758 27.3445517352,-97.3653698823 27.3431160999,-97.3653698823 27.340413677,-97.3647043791 27.3366132833999,-97.3657501698999 27.3345018973999,-97.3629930849999 27.3335728747,-97.3647994509999 27.3331505891999,-97.3654649541999 27.3314614306999,-97.3671762481999 27.330363464,-97.3648945229 27.3292654862999,-97.3617571503999 27.3257180996,-97.3628029412 27.3226773921,-97.3626127975 27.3194676659,-97.3610916471999 27.3176093609999,-97.3575739871999 27.3112739964,-97.3555774775 27.3108516259,-97.3567183402 27.3079794639,-97.3540563273 27.3071346961999,-97.3534858958999 27.3058675326,-97.3551971899999 27.3051072274999,-97.3572887715999 27.3057830545,-97.3584296342999 27.3059520105999,-97.3590951375 27.3039245203,-97.3601409282999 27.303248682,-97.3616620786 27.3029952416,-97.3647043791 27.3030797218,-97.3662255292999 27.3022349168,-97.3669861045 27.3013901053999,-97.3675565358 27.2995314976999,-97.3677466796 27.2850839856999,-97.3691727579 27.2844925270999,-97.3696481174 27.2830561144,-97.3689826141999 27.2821266609,-97.3697431892999 27.2807747148,-97.3696481174 27.2777327758999,-97.3649064068 27.2747879305999,-97.3635991682999 27.2772701403,-97.3630643889 27.2782735711,-97.3621730899999 27.278326383,-97.3614006308999 27.2774285773999,-97.3622325098999 27.2764779518,-97.3622325098999 27.2754745047999,-97.3612817909999 27.2751576249999,-97.3605093319 27.2747351171,-97.3609846913 27.2729922549999,-97.3606281717 27.2718831466999,-97.3605093319 27.2706683964,-97.3615788907 27.2698761607999,-97.3624107697 27.2693480006,-97.3634803285 27.2684501224,-97.3649658268 27.2682388559,-97.3660948054999 27.2686613885,-97.3669266845 27.2699289767,-97.367342624 27.2708268429,-97.3668078447 27.2726225535,-97.3656788659999 27.2726225535,-97.3646093071999 27.2723056654999,-97.3639556879 27.2728338116,-97.3641933676999 27.2736788403,-97.3841584647999 27.1868714388999,-97.3853295325999 27.1819786943,-97.3843312776999 27.1795049312,-97.3845451895 27.1779825881,-97.3865416991999 27.1763967921,-97.3876825618999 27.1743035066999,-97.3859712679 27.1723370514,-97.3863277874999 27.1687212205999,-97.3870408266 27.1680234152,-97.3880390814999 27.1682771631,-97.3898216795 27.1703071256999,-97.3906773264999 27.1703071256999,-97.3901068951 27.1659299728,-97.3893225519999 27.1647880786,-97.3898216795 27.1633924142999,-97.3887521207 27.1601569436,-97.3906773264999 27.1559697245999,-97.3895364637999 27.1547008394,-97.3901068951 27.1530512671,-97.3888234246 27.1495617068999,-97.3899642873 27.1469603275,-97.3901068951 27.1458816889999,-97.3897503755 27.1423919048999,-97.3909625420999 27.1388385582,-97.3898929834 27.1356658316999,-97.3886095128 27.1326199296999,-97.3878964736999 27.131477695,-97.3880390814999 27.1302719902,-97.390249503 27.1293201088,-97.3917468852 27.1279874612,-97.3934581792999 27.126210573,-97.3949555616 27.1216413024,-97.3940999145 27.1205624195999,-97.3944564340999 27.1137715656,-97.3923173166 27.1116136378,-97.3921034047999 27.1104711885999,-97.3927451401 27.1092652574,-97.3918181891999 27.1072976574,-97.390178199 27.1081862552,-97.3891799441999 27.1085036099,-97.3888234246 27.1069802994,-97.3897503755 27.1050761320999,-97.390249503 27.1039970896,-97.3891799441999 27.1027276145,-97.3904634146999 27.1006964243999,-97.3891799441999 27.1027276145,-97.3904634146999 27.1006964243999,-97.3881103853999 27.0979669546999,-97.3901068951 27.0931426128999,-97.3894651598999 27.0921269355,-97.3881103853999 27.0908573259,-97.3862564835 27.0850169359999,-97.3867556109999 27.0833663358999,-97.387611258 27.0825410267,-97.3886095128 27.0783509016,-97.387611258 27.0768906698,-97.3887521207 27.0748590110999,-97.3888947285 27.0737161869,-97.3874686501 27.0709225676999,-97.3903208068999 27.0675574338999,-97.3881816892999 27.0653351204,-97.3892512480999 27.0633667486999,-97.3887521207 27.0591124082,-97.3885382089 27.0579694235,-97.3890373363999 27.0565724263999,-97.3937329416 27.0552589238999,-97.393376422 27.0525071797999,-97.3909996247 27.0513429601,-97.4398255328 27.0524430693999,-97.4409079658999 27.0549443383999,-97.4420963645 27.0550290066,-97.4422389724 27.0557486838999,-97.4405752142999 27.0575690233,-97.4420488285999 27.0590083405999,-97.4399097111 27.0604053073,-97.4393392796999 27.0612096135999,-97.4395294235 27.062098577,-97.4399097111 27.0634108435,-97.4397195673 27.0642574588,-97.4394343515999 27.065315719,-97.4396720313 27.0668395962,-97.4393868156 27.0682364653999,-97.4394343515999 27.0689983866999,-97.4402424626999 27.0708608392,-97.4385787046 27.0708608392,-97.4362494431999 27.071538087,-97.4319712080999 27.0709031672999,-97.4287387639 27.071538087,-97.4266947181999 27.0706491984,-97.4260767508999 27.0703952289999,-97.4256489274 27.071538087,-97.4264095024999 27.0730195523,-97.4269323979 27.0737391141,-97.4278355808999 27.07365446,-97.429499339 27.0730618796,-97.4305926657 27.0729772249999,-97.4313532408999 27.0734004973,-97.4317335284 27.0744163445,-97.432969463 27.0750512442999,-97.4337775741 27.0750512442999,-97.4351561164999 27.0748396114,-97.4358691557 27.0749242646,-97.4397195673 27.0750935708,-97.4407178220999 27.0752205502999,-97.4414783973 27.0750512442999,-97.4416685409999 27.0758554455,-97.4395769594 27.0768712704,-97.4391016 27.0783949905,-97.4389589920999 27.0792838176,-97.4385787046 27.0808075049,-97.4381033451 27.0817386368999,-97.4381033451 27.0826274375,-97.4383410247999 27.0835162310999,-97.4384360967 27.0843203716,-97.4391491358999 27.0855054102,-97.439054064 27.0862672141999,-97.4380558091999 27.0874522322,-97.4385787046 27.0911764929999,-97.438245953 27.0957893261,-97.4391016 27.0969742433999,-97.4382934889 27.0977782872999,-97.4383885608 27.098624643,-97.4384360967 27.0994286751,-97.4383885608 27.1010790385,-97.4389589920999 27.1019253693,-97.4366297307999 27.1032794853,-97.4362969791999 27.1039565371,-97.4363920511 27.1045912694999,-97.43734277 27.1058184086,-97.4376755215999 27.1108114562999,-97.43734277 27.1128001505999,-97.4367248026999 27.1148311211,-97.4379607373 27.1166505007999,-97.4371050902999 27.1173697822999,-97.4369149464999 27.1180890591999,-97.4380082731999 27.1201622431999,-97.43734277 27.1210507388,-97.4374853778 27.121769992,-97.4378181294 27.1221930799999,-97.4368674105 27.124139264,-97.4374853778 27.1257892631,-97.4446627952 27.1349194155999,-97.4446627952 27.1460236383,-97.4435100485 27.1495979056999,-97.443937872 27.1516916542,-97.4433674407 27.1519454391999,-97.4434387446 27.1542294786,-97.4426544014999 27.1554983692,-97.4427970092999 27.1587974171999,-97.4424404897 27.1591146282,-97.4431535288999 27.1622232484999,-97.4440091759 27.1628576501999,-97.4443656954999 27.1617157246,-97.4448648229 27.1600028143,-97.4450074308 27.1589243017,-97.4457204699999 27.1572113486,-97.4455065581999 27.1561328089999,-97.4449361269 27.1567672452999,-97.4446509112 27.1565769147999,-97.4444369993999 27.155434925,-97.4452213425 27.1542929235,-97.4456491660999 27.1537219183,-97.4459343816999 27.1523895617,-97.4455065581999 27.1516282079,-97.4454352542999 27.1487096369,-97.4455778620999 27.1460447880999,-97.4462909013 27.1460447880999,-97.4470039404999 27.1467427308,-97.4470752443999 27.1485827407999,-97.446576117 27.1501054846999,-97.4473604601 27.1511840824,-97.4472178523 27.1544198130999,-97.4471465482999 27.1571479053,-97.447431764 27.1586705325,-97.4473604601 27.1598124892999,-97.4463622052 27.1610813164,-97.4457917738999 27.16260389,-97.4457917738999 27.1643167603999,-97.4469326365999 27.1659661662999,-97.4467900286999 27.1675521105999,-97.4466474209 27.1690111594,-97.4466474209 27.1705970603999,-97.4454352542999 27.1720560695,-97.4456491660999 27.1729441526,-97.4446509112 27.1753546282999,-97.4433674407 27.1770038712,-97.4426781694999 27.1829451722,-97.4419651303 27.1844251624,-97.4423216498999 27.186327978,-97.4420602021999 27.1872793737,-97.4415610747 27.1881673355999,-97.4408480355999 27.1903872096,-97.4409549914 27.1910531631999,-97.4414184669 27.1912117229999,-97.4406697758 27.1934315363999,-97.4402063003 27.1939072049,-97.4407767315999 27.1957781481999,-97.4407767315999 27.197109987,-97.4413828148999 27.1982832604,-97.4409193394999 27.1983783901,-97.4402063003 27.1977441904,-97.4392793493999 27.1968563046999,-97.4385663102 27.1958732800999,-97.4384593542999 27.1952707768999,-97.4385306581999 27.1944462935,-97.4387802219 27.1941926051,-97.4388158738999 27.1932729798,-97.4391010896 27.192765597,-97.4388871777999 27.1918459599,-97.4392793493999 27.1911482991,-97.4398497807 27.189404128,-97.4400636925 27.1885161758999,-97.4406341237999 27.1869939557999,-97.4408480355999 27.1860742711,-97.4410975992999 27.1847740143,-97.4409193394999 27.1818245951,-97.4412045551 27.1812537308,-97.4412758591 27.1792873979,-97.4414897708 27.1783042184999,-97.4410619473 27.1781773559999,-97.440455864 27.1785896586,-97.4399210846 27.1795411203,-97.4398854326999 27.180016848,-97.4399210846 27.1805877187,-97.4395289131 27.181666022,-97.4383880503999 27.1831566004999,-97.4379958787999 27.1841080232999,-97.4376037072999 27.1849960105,-97.4371045798 27.1868036768999,-97.4368193642 27.1893407031,-97.436997624 27.1910848752,-97.4354645897 27.1974587993,-97.4356428494999 27.1979661606999,-97.4361419769 27.1981247107,-97.4364984964999 27.1988857473,-97.4365698004999 27.1998053264)  (-97.4348941583999 27.2088104581999,-97.4334324281 27.2092543543999,-97.4324698252 27.2108713896,-97.4322559133999 27.2144858541999,-97.4318280898999 27.2146126753,-97.4312220065999 27.2187976935999,-97.4299385360999 27.2245042832,-97.4291185409999 27.2280549024999,-97.4291898448999 27.2300520761,-97.4289759331999 27.2302422813,-97.4284411537999 27.2317956111,-97.4284768057 27.2322394157,-97.4283698498999 27.2335074189,-97.4280133303 27.2346169099,-97.4275855068 27.2370894499999,-97.4260881244999 27.2400057087999,-97.4261594283999 27.2437460157999,-97.4253394332999 27.2450455846,-97.4249116098 27.2467888846999,-97.4248403059 27.2499267560999,-97.4222852487999 27.2582242561999,-97.4221901769 27.2608864245,-97.4229680851999 27.2624105204,-97.4110840988 27.3231362803,-97.4097357592 27.3244214788,-97.408167073 27.3267864435,-97.4065508509 27.3283489818,-97.402082472 27.3337121215,-97.4015595765999 27.3356123842999,-97.4010842171 27.3397506218,-97.4007990014 27.3409329469,-97.4012268249999 27.3415663301999,-97.3974714853 27.3486177531,-97.3966633742 27.3496733166,-97.395997871 27.3499266504,-97.3963781584999 27.351108867,-97.3934784658 27.357526394,-97.391577028 27.3622548600999,-97.3918622437 27.3629303387999,-97.390721381 27.3656744285,-97.3888199432 27.3685028806,-97.388962551 27.3693471805999,-97.3873344449 27.3733997311999,-97.3869066214 27.3736107975,-97.3836741771 27.3790350626,-97.3831750495999 27.3801958630999,-97.3834364972999 27.3808501269999,-97.3828898339999 27.3814199667,-97.3833176575 27.3829184199,-97.3830799777999 27.3838259239,-97.3825808503 27.3845645845,-97.3815112916 27.3865061831,-97.3812260759 27.3873503458,-97.3801565171 27.3887432000999,-97.3793246381 27.390663622,-97.3788730466 27.3915077529,-97.3777321838999 27.3927317313,-97.3761397297 27.3964035853,-97.3756406022999 27.3967412209,-97.3743333638 27.3994211671,-97.3743808997 27.3997376917999,-97.3735490206999 27.4014047074,-97.373240037 27.4019111375,-97.3718377266 27.4032405055999,-97.3717664227 27.4039368348,-97.3715287429999 27.4049074682999,-97.3710533834999 27.4056248875999,-97.370673096 27.406110198,-97.3697461449999 27.4080936183,-97.3699600567999 27.4083257182999,-97.3690093378999 27.4109420851,-97.3681299228999 27.4139803688,-97.3683438345999 27.4171873555,-97.3684151386 27.4194026537,-97.368914266 27.4213014452999,-97.3686528183 27.4223141209,-97.3688904979999 27.4225039965,-97.3691757137 27.4225039965,-97.3695084653 27.4227782606999,-97.3695084653 27.4262381509,-97.3672980438 27.4350139712999,-97.3670365960999 27.4355835317,-97.3675832594999 27.4365960762999,-97.3675119555999 27.4374398562999,-97.3668939883 27.4382625356,-97.3669890601999 27.4441898641999,-97.3638873398 27.4509552781,-97.3635011102 27.4515616667,-97.3627880709999 27.4533017199,-97.362817781 27.4540399159,-97.3621344518 27.4554372021,-97.3615402524 27.4558062937,-97.361064893 27.4568344706,-97.3613025726999 27.4570453774999,-97.3613025726999 27.4579417274,-97.3610946029999 27.4588907957999,-97.3605301136 27.4603143830999,-97.3598764942999 27.4618961251999,-97.3593417149999 27.4621597466999,-97.3583018661999 27.4642423342,-97.3581533163 27.4650331799,-97.3580938964 27.4678010951999,-97.3583018661999 27.4685655548,-97.3569946276 27.4712279415999,-97.3553308695999 27.4733894361,-97.3519736434 27.4754454525,-97.3503395952999 27.4817714160999,-97.3495374262 27.4827202793,-97.3491511966 27.4840117743999,-97.3500127857 27.4861203052999,-97.3499640816999 27.4878650190999,-97.3500424955999 27.4901527582999,-97.3496562660999 27.4917867821,-97.3495671361999 27.4926301397999,-97.3483787374999 27.494395899,-97.3484381574999 27.4992713556,-97.3465961395999 27.5031979178,-97.3462990399 27.5037513145999,-97.3464475897 27.5044101167,-97.3465961395999 27.5050952667,-97.3462693298999 27.5059912257,-97.3454374508999 27.5068608258999,-97.3455265807999 27.5078621753,-97.3456751306 27.5084155487,-97.3460019401999 27.5094695855,-97.3456157107 27.5100756520999,-97.3449026714999 27.5103128075999,-97.3447244117 27.510154704,-97.3442490523 27.5119465322,-97.3431794935 27.5151875592,-97.3421990645999 27.5167421642,-97.3423179045 27.5174008884999,-97.3240462753999 27.5618951635,-97.3227984568 27.5642655782999,-97.3223528073 27.5661882104,-97.3216991880999 27.5692696192,-97.3207781792 27.5695329833999,-97.3200057199999 27.5710604836,-97.3196789104 27.5715081952,-97.3179557323999 27.5726669694999,-97.3176289227999 27.5733516941,-97.3155195151999 27.5744051080999,-97.3108253406 27.5788293365999,-97.3103499811 27.5794613547,-97.3108253406 27.5788293365999,-97.3103499811 27.5794613547,-97.3090427425999 27.5802777058999,-97.3073492744999 27.5821473907999,-97.3086283335999 27.5833975164,-97.3106961472 27.5817543207999,-97.7369418390999 27.4247521479,-97.3128352648 27.5801111005,-97.3139048234999 27.5789945394,-97.3143801829999 27.5788892029,-97.3153309018999 27.5791209431,-97.3159726372 27.579268414,-97.316115245 27.5799004295,-97.3144990228999 27.5829129868999,-97.3065842878999 27.5926242343999,-97.3137146798 27.5838188446,-97.3130254085999 27.5840505745,-97.3115517942 27.5841980386,-97.3109575949 27.5840927071,-97.3098405001999 27.5843244363999,-97.3091036929999 27.5864521094,-97.308248046 27.5875053976999,-97.3082005100999 27.5878424478,-97.308295582 27.5886429376,-97.3084857257999 27.5892748991,-97.3088897812999 27.5895276827,-97.3094364446999 27.5896119438,-97.3098880361 27.5894855521,-97.3103158596999 27.5891063764,-97.3108387550999 27.5884744138999,-97.3114091863999 27.5882005622999,-97.3120984576 27.5878424478,-97.3124549772 27.5879477756999,-97.312645121 27.5883058898999,-97.3115280262999 27.5900543133,-97.3110526667999 27.590854787,-97.3109813628999 27.5911286318999,-97.3113854183999 27.5915288654999,-97.3116230982 27.5921608103999,-97.3114804902999 27.5935300119,-97.3108625229999 27.5943515244999,-97.3105060033999 27.5944147175,-97.3078202224999 27.5918448384,-97.3072735590999 27.5921186809,-97.3065842878999 27.5926242343999,-97.3058237128 27.5932772375,-97.3058474807999 27.5943515244999,-97.3063941441999 27.5946885536,-97.3070596473999 27.5947938748999,-97.3002144711999 27.5963526192999,-97.300380847 27.596500067,-97.3002382391999 27.5969634725,-97.2998817195999 27.5972162384,-97.2993112883 27.5972583659999,-97.2985269451999 27.5971530469999,-97.2985031772 27.5980798507,-97.2987408568999 27.5985011225,-97.2990260726 27.6001651304,-97.2997486189999 27.6032234688,-97.2993207954999 27.6051190903,-97.2991068837 27.6063196335999,-97.2987503641 27.6087206806999,-97.2983225405999 27.6099211846,-97.2971103739999 27.610426656,-97.2965399426 27.6154812412999,-97.2942582172999 27.6191456699,-97.2926895310999 27.6206619493,-97.2929034427999 27.6219886764999,-97.2920477958 27.6245789072,-97.2905504135 27.6250843109,-97.2881260803 27.6304540813,-97.2884825998999 27.6314648321,-97.2871088110999 27.6358530671999,-97.2865193652999 27.6361899684999,-97.2863672503 27.6378407702,-97.2853404739 27.6388346082,-97.2838003092 27.6412602087999,-97.2824883172 27.6433320334,-97.2814425262999 27.6441742272999,-97.2816706989 27.6459259698999,-97.281879857 27.646431275,-97.2820890152 27.6470039513,-97.2817847852 27.647593468,-97.2810432243999 27.6483682564,-97.2767840037 27.6556779466999,-97.2769551331 27.656098997,-97.2769361186999 27.6566884645999,-97.2768410468 27.6573452961,-97.2766889317999 27.6578168650999,-97.2760614573 27.6580021237999,-97.2759283567 27.6586421059,-97.2762706154999 27.6592820842,-97.2765178023999 27.6592652426999,-97.2767079462 27.6596189133999,-97.2747874939999 27.6627850572,-97.2732720479999 27.6650097236999,-97.2728442245 27.6667779727999,-97.2708952507999 27.6685882933999,-97.2698969958999 27.6710721729,-97.2690888847999 27.6733876029,-97.2687085973 27.6746926418999,-97.2684709174999 27.6781867017,-97.2648106496999 27.6795758750999,-97.2637173229999 27.6794495872999,-97.2614355975999 27.6798284501999,-97.2593915518999 27.6819332198999,-97.2590588002999 27.683827478,-97.2588686564999 27.6855112353,-97.257585186 27.6874475242,-97.2569196828 27.6882051931,-97.2570622906 27.6887103028,-97.2559214279 27.6916146380999,-97.2543527417 27.692498551,-97.2522136241999 27.6923301872,-97.2515481208999 27.6918250941999,-97.2444177290999 27.689173318,-97.243657154 27.6891312258,-97.2436096179999 27.6900993424,-97.2442275852999 27.6907728097999,-97.2447980167 27.6931720034999,-97.2450832323 27.6935929093,-97.2468420623 27.6946451666,-97.2486008923 27.6953186058999,-97.2498843628 27.6958657722999,-97.2521185523 27.6972547208,-97.253652774 27.6994574848))","Upper Laguna Madre"
"Menidia beryllina","eatenBy","Scomberomorus maculatus",27.904228,-96.886663,,"Miles 1949",-671216400000,1589459,1589431,,,"Literature","Literature",,,,,,,,,,,"POLYGON((-96.4431213321999 28.2192890305,-96.5019699916 28.1727431067,-96.7087513546999 27.9903044337999,-96.8299680158 27.8601018539,-96.9844598387 27.6308179874,-97.0771549324999 27.4200424090999,-97.1272577738999 27.2579112861,-97.3206974266999 27.2896025888,-97.3302046158 27.337751689,-97.3233911302999 27.3579765212999,-97.2966521608999 27.4263504545,-97.2570784863 27.51017733,-97.2224960859 27.5775088982,-97.2082353022999 27.6034189647,-97.1939745186 27.6324815042999,-97.1861310876 27.6454308032999,-97.162244275 27.6842695015,-97.1440617757999 27.712048065,-97.127305355 27.7350862792999,-97.1134010908999 27.7552801598,-97.1027055031999 27.7694767399,-97.0970011896999 27.7770474920999,-97.0838099647999 27.7947105314,-97.0813143276999 27.7966028298,-97.076679573 27.802279527,-97.0709752596 27.8082712745999,-97.0652709461 27.8174159364,-97.0620622697999 27.8180465744,-97.0570709954999 27.8265598282,-97.0520797212 27.8287668591,-97.0474449664999 27.8344418754,-97.0460188881999 27.8401165949,-97.0431667314 27.8495738011,-97.0363928592 27.8609213599999,-97.0264103105999 27.8773101811999,-97.0082278115 27.9028339826,-96.9993148216999 27.9129158010999,-96.9861235967999 27.9280367669,-96.9622367842 27.9570127052,-96.9426282066 27.9768504389,-96.9187413939999 28.0017211718,-96.8891502679 28.0303626241999,-96.8249767414999 28.0854209174999,-96.7522467448 28.1423372368,-96.6855775811999 28.1882256154,-96.6374474363999 28.219958796,-96.6092823886999 28.2365442705,-96.5850390564 28.2440822704,-96.5593696459 28.2465948187,-96.5294220002 28.2465948187,-96.5009004328999 28.2440822704,-96.4837874924999 28.2390569963,-96.4431213321999 28.2192890305))","Coastal waters from San Jose Island to Mustang Island"
"Menidia beryllina","eatenBy","Scomberomorus maculatus",27.72456,-96.639307,,"Miles 1949",-671216400000,1589507,1589479,,,"Literature","Literature",,,,,,,,,,,"POLYGON((-97.1272577738999 27.2579112861,-97.0771549324999 27.4200424090999,-96.9844598387 27.6308179874,-96.8299680158 27.8601018539,-96.7087513546999 27.9903044337999,-96.5019699916 28.1727431067,-96.4431213321999 28.2192890305,-96.4424312199 28.2189535328999,-96.1529373115999 27.9748983158,-96.1458069197999 27.9471869537,-96.1500851548999 27.9245087307,-96.1743284870999 27.9131678345,-96.2171108380999 27.8904824745999,-96.3254927938999 27.827442646,-96.3982227905 27.7807695854,-96.5066047462999 27.6962025234,-96.5593696459 27.6482099652,-96.6734559151 27.5218131503,-96.8524683633 27.2460814951999,-96.8586480361999 27.2304435458,-96.8634016307999 27.2207215510999,-96.871958101 27.2160716013999,-97.1272577738999 27.2579112861))","Continental Shelf from San Jose Island to Mustang Island"
"Menidia beryllina","eatenBy","Scomberomorus cavalla",27.510367,-97.322021,,"Miles 1949",-671216400000,1589143,1589123,,,"Literature","Literature",,,,,,,,,,,"POLYGON((((((((-97.253652774 27.6994574848,-97.2512759767 27.7036662269,-97.2468194818 27.7036662269,-97.2399861896 27.7018249222,-97.2037400311999 27.6881456863,-97.2004719348999 27.6852517821,-97.2022545329 27.6805161371,-97.198689337 27.6723598226999,-97.1972038387 27.6681498738,-97.1966096392999 27.660782073,-97.1973267017 27.6543302432999,-97.1982857292999 27.6530057179999,-97.2000262854 27.6551243173999,-97.2010661342 27.6552558964,-97.2032943817 27.6548611587999,-97.203888581 27.6530190313,-97.20477988 27.6511768726999,-97.203888581 27.6498610261,-97.2016544315 27.6483530329,-97.2001748353 27.6460449815,-97.2010661342 27.6438079278999,-97.2050769795999 27.6403864633999,-97.2071525313999 27.6407589039999,-97.2083450758999 27.6426235869999,-97.2113160724999 27.6430183687,-97.2130986704 27.641702424,-97.2215374892 27.6335832213,-97.2232487832 27.6333810757999,-97.2236480851999 27.6326735636,-97.2239333007999 27.6319660467999,-97.2241614734 27.630904763,-97.2246748615999 27.6303488484,-97.2258157243 27.629843469,-97.2267854576 27.629843469,-97.2276411045999 27.6301466968999,-97.2287249241 27.630449924,-97.2300369162 27.6308036878,-97.2305503043999 27.6314606749,-97.2312348221 27.6316122867,-97.2322045553 27.6305509994999,-97.2333454179999 27.629034857,-97.2357412296999 27.6247895465,-97.2371102648999 27.6234249474,-97.2377377394 27.6220603314,-97.2383081707999 27.6203924442,-97.2374525237 27.6197353907999,-97.2357982727999 27.6201397317999,-97.2351707983 27.6226162881,-97.2342581081999 27.6227173708999,-97.2332883748999 27.6210494936999,-97.2338588062 27.6203419018,-97.2348285395 27.6196343053,-97.2355130571999 27.6188256179,-97.2361975748 27.6183707287,-97.2373954806 27.6179663811,-97.23756661 27.6174104008,-97.2383652138999 27.6169049616,-97.2397342490999 27.6167027852999,-97.2430427509 27.6132151853,-97.2432138803 27.6119515345999,-97.2437843116999 27.6104351347,-97.2444117862 27.6096769267999,-97.2447540449999 27.6085143311999,-97.2452674331999 27.6073517232999,-97.2460089939 27.6065429452999,-97.2461230801999 27.6059363578999,-97.2468646409 27.6051275694,-97.2471498566 27.6045715238999,-97.2473780291999 27.6039143755,-97.2471498566 27.6032572232,-97.2477202879999 27.6027011681999,-97.2484048056 27.6030044713,-97.2508006171999 27.6041671254,-97.2508006171999 27.6049759208999,-97.2502301858999 27.6050264703999,-97.2506865309999 27.606138554,-97.2508006171999 27.6068967864,-97.2509147035 27.6076044652,-97.2518844367999 27.6078572065,-97.2523407819 27.6071495292999,-97.2527400838 27.6066945916,-97.2534816446 27.6062396519999,-97.2538809465 27.6056836121,-97.2539950328 27.6050770199,-97.2541661621999 27.6044704243999,-97.2543372915999 27.6037627253999,-97.2546225072999 27.6028022694,-97.2565619738 27.6009824349,-97.2577028365 27.5969888033999,-97.2558116982 27.5964332431,-97.2537914204999 27.5936948957,-97.2509392637 27.5894819198999,-97.2483247866999 27.5872700428,-97.2492755055999 27.586006093,-97.2463045091 27.5835834819,-97.2473740677999 27.5824248228,-97.248087107 27.5807394787,-97.2484436265999 27.5789487722999,-97.2493943454999 27.5774740509,-97.2514146232 27.5772633748,-97.2529975701999 27.5784515827,-97.2558782484999 27.5758349801,-97.2574646615999 27.5740781661,-97.2584748004999 27.5731827621999,-97.2589501598999 27.5722083437,-97.2593958094 27.5701277996,-97.2596631991 27.5687319694,-97.2603168184 27.5667040334999,-97.2601088485999 27.5659929302999,-97.25886103 27.5662299652,-97.2586233502999 27.5672044368,-97.2582668306999 27.5691796903999,-97.2580125134 27.5709263118,-97.2577795873 27.5713139779,-97.2574610963999 27.5714193216999,-97.2572519383 27.5712170615,-97.2571521128 27.5709305256,-97.2571235911999 27.5705723545999,-97.2573612709 27.5697380223999,-97.2578984271 27.5677266094999,-97.2578746591999 27.5647768452,-97.2608456557999 27.559045648,-97.2617250706999 27.5579499438999,-97.2628183974999 27.5557795745999,-97.2639117242 27.554578478,-97.2641494039999 27.5537777396,-97.2628659333999 27.5532087903999,-97.2630085412999 27.5520076656,-97.2634839006999 27.5508697458999,-97.2638879562999 27.5502586359999,-97.2643870837 27.5496896685,-97.2648386751999 27.5489731868,-97.2655754822999 27.5462758018999,-97.2659557699 27.5439155356999,-97.2659557699 27.5434940543,-97.2663835933999 27.5429882743999,-97.2670015606999 27.5423560463,-97.2677145999 27.5399535464,-97.2718977631 27.5385204512999,-97.2725157304 27.5383307755,-97.2727771781 27.5379303478,-97.2737992009 27.5369608853,-97.2752965832 27.5351062374999,-97.2769128053 27.5314179245,-97.277198021 27.5306170172999,-97.2778872922 27.5293734918999,-97.278956851 27.5279613358999,-97.2798600339999 27.5269074763,-97.2806919129999 27.5260222263999,-97.2810484326 27.5247997268,-97.2827597266 27.5233032000999,-97.2829023344999 27.5222282177,-97.2834014618999 27.5205419495999,-97.2834965338 27.5190453648999,-97.2837817494999 27.5187713402,-97.2843284127999 27.5173801271,-97.2848513082 27.5160732139999,-97.2854455076 27.5153986721,-97.2863962265 27.5140917354,-97.2873469454 27.5133750216,-97.2882976643 27.5128058630999,-97.2898425825 27.5077465478,-97.2917202523999 27.5034459467999,-97.2926472033 27.5024761803,-97.2936692260999 27.5013799120999,-97.2940257456999 27.5011480078,-97.2939306738 27.4999673965999,-97.2945011051999 27.4982807873,-97.2948576248 27.4980067107999,-97.2952854483 27.4962989882,-97.2958558795999 27.4956243251,-97.296426311 27.4947599069,-97.2963550071 27.4937689801999,-97.2980663010999 27.4923563671,-97.3000152749 27.4885611973,-97.3005857061999 27.4873382814,-97.3010848336 27.4852719442999,-97.3020355526 27.4844496157,-97.3030575754 27.4840068208999,-97.3036042388 27.4831423115,-97.3050540850999 27.4825519109,-97.3055056766 27.4826362541,-97.3059335000999 27.4821934518999,-97.3062424837 27.4810126375,-97.3072882744999 27.480274622,-97.3076447941 27.4802535357999,-97.3087143528999 27.4772381635999,-97.3095937678999 27.4758885996,-97.3098789836 27.4749607647999,-97.3096650717999 27.4741172718,-97.3099265194999 27.4736533479999,-97.3105920227 27.4733159475,-97.3122795488 27.4731261593,-97.3129212841 27.4724302665,-97.3133491076 27.4713758751,-97.3131827317999 27.4705956188999,-97.3132302677 27.4699418866,-97.3138006991 27.4683813484,-97.3153456172999 27.4655554528,-97.3166528558 27.4637628696,-97.3177937184999 27.4615484618,-97.3195525484999 27.4590176556,-97.3201942837 27.4562126108,-97.3207171791 27.4556853387999,-97.3222620973999 27.4524794706,-97.3225235450999 27.4514670718,-97.3238268222 27.4492787822999,-97.3238268222 27.4483296312,-97.3242724716999 27.4470113522,-97.3248666710999 27.4456930574,-97.3256094201999 27.4426872864,-97.3271840483999 27.4407624954,-97.3275702779999 27.4398132709999,-97.3286398367 27.4387058322,-97.3281941871999 27.4379147977,-97.3284912869 27.4375720142999,-97.3291151961999 27.4374401741999,-97.3297391054999 27.4367018670999,-97.3302441749 27.4357789762,-97.3309572140999 27.4345923907999,-97.3309572140999 27.4339331712,-97.3306006945 27.4324828742,-97.3304521447 27.4319291195,-97.3306898243999 27.4284746816999,-97.3312543137 27.4280000175999,-97.3311948938 27.4273143881999,-97.3312543137 27.4259167459,-97.3306601144 27.4226203495,-97.3300659150999 27.4219610584,-97.3311354739 27.4187964063,-97.3314622835 27.4171876734999,-97.3313434436 27.4159745151,-97.3316108333 27.4153415577,-97.3317890930999 27.4140756319,-97.3331557516 27.4120975937999,-97.3342847302999 27.4093019062,-97.3348195095999 27.4087216602999,-97.3347600896999 27.4076666598999,-97.3352948690999 27.406796277,-97.3357999385 27.406057765,-97.3361564581 27.4047126052999,-97.3360970381999 27.4034465577,-97.3366615274999 27.4028399048,-97.337166597 27.4017320952,-97.3385926753 27.4009144191,-97.3401970135 27.3994109343,-97.3411774423999 27.3986723728999,-97.3412665723 27.3980656937,-97.3412368622999 27.3973798785,-97.3416825118 27.3957972118,-97.3423064211 27.3952696512,-97.3424549708999 27.3944255488999,-97.3430491702 27.3938452249,-97.3463172664999 27.3902840790999,-97.3479810246 27.3873295599,-97.3484860939999 27.3864853971,-97.3492585531 27.3830295383,-97.3498230425 27.3820534365,-97.3513976705999 27.3788348777,-97.3529722987999 27.3767242963999,-97.353390824 27.373682667,-97.3542464710999 27.3725006913999,-97.3552922619 27.3706432757999,-97.3575739871999 27.3683636776,-97.360426144 27.3670127824,-97.3605212158999 27.362706694,-97.3607113596 27.361271294,-97.3624226536999 27.3600891859,-97.3632783007 27.3575560546,-97.3628980130999 27.3544317795999,-97.3614719347999 27.3512229729,-97.3627078693999 27.3491963102,-97.3627078693999 27.3479296273,-97.3644191634 27.3464940357,-97.3640388758 27.3445517352,-97.3653698823 27.3431160999,-97.3653698823 27.340413677,-97.3647043791 27.3366132833999,-97.3657501698999 27.3345018973999,-97.3629930849999 27.3335728747,-97.3647994509999 27.3331505891999,-97.3654649541999 27.3314614306999,-97.3671762481999 27.330363464,-97.3648945229 27.3292654862999,-97.3617571503999 27.3257180996,-97.3628029412 27.3226773921,-97.3626127975 27.3194676659,-97.3610916471999 27.3176093609999,-97.3575739871999 27.3112739964,-97.3555774775 27.3108516259,-97.3567183402 27.3079794639,-97.3540563273 27.3071346961999,-97.3534858958999 27.3058675326,-97.3551971899999 27.3051072274999,-97.3572887715999 27.3057830545,-97.3584296342999 27.3059520105999,-97.3590951375 27.3039245203,-97.3601409282999 27.303248682,-97.3616620786 27.3029952416,-97.3647043791 27.3030797218,-97.3662255292999 27.3022349168,-97.3669861045 27.3013901053999,-97.3675565358 27.2995314976999,-97.3677466796 27.2850839856999,-97.3691727579 27.2844925270999,-97.3696481174 27.2830561144,-97.3689826141999 27.2821266609,-97.3697431892999 27.2807747148,-97.3696481174 27.2777327758999,-97.3649064068 27.2747879305999,-97.3635991682999 27.2772701403,-97.3630643889 27.2782735711,-97.3621730899999 27.278326383,-97.3614006308999 27.2774285773999,-97.3622325098999 27.2764779518,-97.3622325098999 27.2754745047999,-97.3612817909999 27.2751576249999,-97.3605093319 27.2747351171,-97.3609846913 27.2729922549999,-97.3606281717 27.2718831466999,-97.3605093319 27.2706683964,-97.3615788907 27.2698761607999,-97.3624107697 27.2693480006,-97.3634803285 27.2684501224,-97.3649658268 27.2682388559,-97.3660948054999 27.2686613885,-97.3669266845 27.2699289767,-97.367342624 27.2708268429,-97.3668078447 27.2726225535,-97.3656788659999 27.2726225535,-97.3646093071999 27.2723056654999,-97.3639556879 27.2728338116,-97.3641933676999 27.2736788403,-97.3841584647999 27.1868714388999,-97.3853295325999 27.1819786943,-97.3843312776999 27.1795049312,-97.3845451895 27.1779825881,-97.3865416991999 27.1763967921,-97.3876825618999 27.1743035066999,-97.3859712679 27.1723370514,-97.3863277874999 27.1687212205999,-97.3870408266 27.1680234152,-97.3880390814999 27.1682771631,-97.3898216795 27.1703071256999,-97.3906773264999 27.1703071256999,-97.3901068951 27.1659299728,-97.3893225519999 27.1647880786,-97.3898216795 27.1633924142999,-97.3887521207 27.1601569436,-97.3906773264999 27.1559697245999,-97.3895364637999 27.1547008394,-97.3901068951 27.1530512671,-97.3888234246 27.1495617068999,-97.3899642873 27.1469603275,-97.3901068951 27.1458816889999,-97.3897503755 27.1423919048999,-97.3909625420999 27.1388385582,-97.3898929834 27.1356658316999,-97.3886095128 27.1326199296999,-97.3878964736999 27.131477695,-97.3880390814999 27.1302719902,-97.390249503 27.1293201088,-97.3917468852 27.1279874612,-97.3934581792999 27.126210573,-97.3949555616 27.1216413024,-97.3940999145 27.1205624195999,-97.3944564340999 27.1137715656,-97.3923173166 27.1116136378,-97.3921034047999 27.1104711885999,-97.3927451401 27.1092652574,-97.3918181891999 27.1072976574,-97.390178199 27.1081862552,-97.3891799441999 27.1085036099,-97.3888234246 27.1069802994,-97.3897503755 27.1050761320999,-97.390249503 27.1039970896,-97.3891799441999 27.1027276145,-97.3904634146999 27.1006964243999,-97.3891799441999 27.1027276145,-97.3904634146999 27.1006964243999,-97.3881103853999 27.0979669546999,-97.3901068951 27.0931426128999,-97.3894651598999 27.0921269355,-97.3881103853999 27.0908573259,-97.3862564835 27.0850169359999,-97.3867556109999 27.0833663358999,-97.387611258 27.0825410267,-97.3886095128 27.0783509016,-97.387611258 27.0768906698,-97.3887521207 27.0748590110999,-97.3888947285 27.0737161869,-97.3874686501 27.0709225676999,-97.3903208068999 27.0675574338999,-97.3881816892999 27.0653351204,-97.3892512480999 27.0633667486999,-97.3887521207 27.0591124082,-97.3885382089 27.0579694235,-97.3890373363999 27.0565724263999,-97.3937329416 27.0552589238999,-97.393376422 27.0525071797999,-97.3909996247 27.0513429601,-97.4398255328 27.0524430693999,-97.4409079658999 27.0549443383999,-97.4420963645 27.0550290066,-97.4422389724 27.0557486838999,-97.4405752142999 27.0575690233,-97.4420488285999 27.0590083405999,-97.4399097111 27.0604053073,-97.4393392796999 27.0612096135999,-97.4395294235 27.062098577,-97.4399097111 27.0634108435,-97.4397195673 27.0642574588,-97.4394343515999 27.065315719,-97.4396720313 27.0668395962,-97.4393868156 27.0682364653999,-97.4394343515999 27.0689983866999,-97.4402424626999 27.0708608392,-97.4385787046 27.0708608392,-97.4362494431999 27.071538087,-97.4319712080999 27.0709031672999,-97.4287387639 27.071538087,-97.4266947181999 27.0706491984,-97.4260767508999 27.0703952289999,-97.4256489274 27.071538087,-97.4264095024999 27.0730195523,-97.4269323979 27.0737391141,-97.4278355808999 27.07365446,-97.429499339 27.0730618796,-97.4305926657 27.0729772249999,-97.4313532408999 27.0734004973,-97.4317335284 27.0744163445,-97.432969463 27.0750512442999,-97.4337775741 27.0750512442999,-97.4351561164999 27.0748396114,-97.4358691557 27.0749242646,-97.4397195673 27.0750935708,-97.4407178220999 27.0752205502999,-97.4414783973 27.0750512442999,-97.4416685409999 27.0758554455,-97.4395769594 27.0768712704,-97.4391016 27.0783949905,-97.4389589920999 27.0792838176,-97.4385787046 27.0808075049,-97.4381033451 27.0817386368999,-97.4381033451 27.0826274375,-97.4383410247999 27.0835162310999,-97.4384360967 27.0843203716,-97.4391491358999 27.0855054102,-97.439054064 27.0862672141999,-97.4380558091999 27.0874522322,-97.4385787046 27.0911764929999,-97.438245953 27.0957893261,-97.4391016 27.0969742433999,-97.4382934889 27.0977782872999,-97.4383885608 27.098624643,-97.4384360967 27.0994286751,-97.4383885608 27.1010790385,-97.4389589920999 27.1019253693,-97.4366297307999 27.1032794853,-97.4362969791999 27.1039565371,-97.4363920511 27.1045912694999,-97.43734277 27.1058184086,-97.4376755215999 27.1108114562999,-97.43734277 27.1128001505999,-97.4367248026999 27.1148311211,-97.4379607373 27.1166505007999,-97.4371050902999 27.1173697822999,-97.4369149464999 27.1180890591999,-97.4380082731999 27.1201622431999,-97.43734277 27.1210507388,-97.4374853778 27.121769992,-97.4378181294 27.1221930799999,-97.4368674105 27.124139264,-97.4374853778 27.1257892631,-97.4446627952 27.1349194155999,-97.4446627952 27.1460236383,-97.4435100485 27.1495979056999,-97.443937872 27.1516916542,-97.4433674407 27.1519454391999,-97.4434387446 27.1542294786,-97.4426544014999 27.1554983692,-97.4427970092999 27.1587974171999,-97.4424404897 27.1591146282,-97.4431535288999 27.1622232484999,-97.4440091759 27.1628576501999,-97.4443656954999 27.1617157246,-97.4448648229 27.1600028143,-97.4450074308 27.1589243017,-97.4457204699999 27.1572113486,-97.4455065581999 27.1561328089999,-97.4449361269 27.1567672452999,-97.4446509112 27.1565769147999,-97.4444369993999 27.155434925,-97.4452213425 27.1542929235,-97.4456491660999 27.1537219183,-97.4459343816999 27.1523895617,-97.4455065581999 27.1516282079,-97.4454352542999 27.1487096369,-97.4455778620999 27.1460447880999,-97.4462909013 27.1460447880999,-97.4470039404999 27.1467427308,-97.4470752443999 27.1485827407999,-97.446576117 27.1501054846999,-97.4473604601 27.1511840824,-97.4472178523 27.1544198130999,-97.4471465482999 27.1571479053,-97.447431764 27.1586705325,-97.4473604601 27.1598124892999,-97.4463622052 27.1610813164,-97.4457917738999 27.16260389,-97.4457917738999 27.1643167603999,-97.4469326365999 27.1659661662999,-97.4467900286999 27.1675521105999,-97.4466474209 27.1690111594,-97.4466474209 27.1705970603999,-97.4454352542999 27.1720560695,-97.4456491660999 27.1729441526,-97.4446509112 27.1753546282999,-97.4433674407 27.1770038712,-97.4426781694999 27.1829451722,-97.4419651303 27.1844251624,-97.4423216498999 27.186327978,-97.4420602021999 27.1872793737,-97.4415610747 27.1881673355999,-97.4408480355999 27.1903872096,-97.4409549914 27.1910531631999,-97.4414184669 27.1912117229999,-97.4406697758 27.1934315363999,-97.4402063003 27.1939072049,-97.4407767315999 27.1957781481999,-97.4407767315999 27.197109987,-97.4413828148999 27.1982832604,-97.4409193394999 27.1983783901,-97.4402063003 27.1977441904,-97.4392793493999 27.1968563046999,-97.4385663102 27.1958732800999,-97.4384593542999 27.1952707768999,-97.4385306581999 27.1944462935,-97.4387802219 27.1941926051,-97.4388158738999 27.1932729798,-97.4391010896 27.192765597,-97.4388871777999 27.1918459599,-97.4392793493999 27.1911482991,-97.4398497807 27.189404128,-97.4400636925 27.1885161758999,-97.4406341237999 27.1869939557999,-97.4408480355999 27.1860742711,-97.4410975992999 27.1847740143,-97.4409193394999 27.1818245951,-97.4412045551 27.1812537308,-97.4412758591 27.1792873979,-97.4414897708 27.1783042184999,-97.4410619473 27.1781773559999,-97.440455864 27.1785896586,-97.4399210846 27.1795411203,-97.4398854326999 27.180016848,-97.4399210846 27.1805877187,-97.4395289131 27.181666022,-97.4383880503999 27.1831566004999,-97.4379958787999 27.1841080232999,-97.4376037072999 27.1849960105,-97.4371045798 27.1868036768999,-97.4368193642 27.1893407031,-97.436997624 27.1910848752,-97.4354645897 27.1974587993,-97.4356428494999 27.1979661606999,-97.4361419769 27.1981247107,-97.4364984964999 27.1988857473,-97.4365698004999 27.1998053264)  (-97.4348941583999 27.2088104581999,-97.4334324281 27.2092543543999,-97.4324698252 27.2108713896,-97.4322559133999 27.2144858541999,-97.4318280898999 27.2146126753,-97.4312220065999 27.2187976935999,-97.4299385360999 27.2245042832,-97.4291185409999 27.2280549024999,-97.4291898448999 27.2300520761,-97.4289759331999 27.2302422813,-97.4284411537999 27.2317956111,-97.4284768057 27.2322394157,-97.4283698498999 27.2335074189,-97.4280133303 27.2346169099,-97.4275855068 27.2370894499999,-97.4260881244999 27.2400057087999,-97.4261594283999 27.2437460157999,-97.4253394332999 27.2450455846,-97.4249116098 27.2467888846999,-97.4248403059 27.2499267560999,-97.4222852487999 27.2582242561999,-97.4221901769 27.2608864245,-97.4229680851999 27.2624105204,-97.4110840988 27.3231362803,-97.4097357592 27.3244214788,-97.408167073 27.3267864435,-97.4065508509 27.3283489818,-97.402082472 27.3337121215,-97.4015595765999 27.3356123842999,-97.4010842171 27.3397506218,-97.4007990014 27.3409329469,-97.4012268249999 27.3415663301999,-97.3974714853 27.3486177531,-97.3966633742 27.3496733166,-97.395997871 27.3499266504,-97.3963781584999 27.351108867,-97.3934784658 27.357526394,-97.391577028 27.3622548600999,-97.3918622437 27.3629303387999,-97.390721381 27.3656744285,-97.3888199432 27.3685028806,-97.388962551 27.3693471805999,-97.3873344449 27.3733997311999,-97.3869066214 27.3736107975,-97.3836741771 27.3790350626,-97.3831750495999 27.3801958630999,-97.3834364972999 27.3808501269999,-97.3828898339999 27.3814199667,-97.3833176575 27.3829184199,-97.3830799777999 27.3838259239,-97.3825808503 27.3845645845,-97.3815112916 27.3865061831,-97.3812260759 27.3873503458,-97.3801565171 27.3887432000999,-97.3793246381 27.390663622,-97.3788730466 27.3915077529,-97.3777321838999 27.3927317313,-97.3761397297 27.3964035853,-97.3756406022999 27.3967412209,-97.3743333638 27.3994211671,-97.3743808997 27.3997376917999,-97.3735490206999 27.4014047074,-97.373240037 27.4019111375,-97.3718377266 27.4032405055999,-97.3717664227 27.4039368348,-97.3715287429999 27.4049074682999,-97.3710533834999 27.4056248875999,-97.370673096 27.406110198,-97.3697461449999 27.4080936183,-97.3699600567999 27.4083257182999,-97.3690093378999 27.4109420851,-97.3681299228999 27.4139803688,-97.3683438345999 27.4171873555,-97.3684151386 27.4194026537,-97.368914266 27.4213014452999,-97.3686528183 27.4223141209,-97.3688904979999 27.4225039965,-97.3691757137 27.4225039965,-97.3695084653 27.4227782606999,-97.3695084653 27.4262381509,-97.3672980438 27.4350139712999,-97.3670365960999 27.4355835317,-97.3675832594999 27.4365960762999,-97.3675119555999 27.4374398562999,-97.3668939883 27.4382625356,-97.3669890601999 27.4441898641999,-97.3638873398 27.4509552781,-97.3635011102 27.4515616667,-97.3627880709999 27.4533017199,-97.362817781 27.4540399159,-97.3621344518 27.4554372021,-97.3615402524 27.4558062937,-97.361064893 27.4568344706,-97.3613025726999 27.4570453774999,-97.3613025726999 27.4579417274,-97.3610946029999 27.4588907957999,-97.3605301136 27.4603143830999,-97.3598764942999 27.4618961251999,-97.3593417149999 27.4621597466999,-97.3583018661999 27.4642423342,-97.3581533163 27.4650331799,-97.3580938964 27.4678010951999,-97.3583018661999 27.4685655548,-97.3569946276 27.4712279415999,-97.3553308695999 27.4733894361,-97.3519736434 27.4754454525,-97.3503395952999 27.4817714160999,-97.3495374262 27.4827202793,-97.3491511966 27.4840117743999,-97.3500127857 27.4861203052999,-97.3499640816999 27.4878650190999,-97.3500424955999 27.4901527582999,-97.3496562660999 27.4917867821,-97.3495671361999 27.4926301397999,-97.3483787374999 27.494395899,-97.3484381574999 27.4992713556,-97.3465961395999 27.5031979178,-97.3462990399 27.5037513145999,-97.3464475897 27.5044101167,-97.3465961395999 27.5050952667,-97.3462693298999 27.5059912257,-97.3454374508999 27.5068608258999,-97.3455265807999 27.5078621753,-97.3456751306 27.5084155487,-97.3460019401999 27.5094695855,-97.3456157107 27.5100756520999,-97.3449026714999 27.5103128075999,-97.3447244117 27.510154704,-97.3442490523 27.5119465322,-97.3431794935 27.5151875592,-97.3421990645999 27.5167421642,-97.3423179045 27.5174008884999,-97.3240462753999 27.5618951635,-97.3227984568 27.5642655782999,-97.3223528073 27.5661882104,-97.3216991880999 27.5692696192,-97.3207781792 27.5695329833999,-97.3200057199999 27.5710604836,-97.3196789104 27.5715081952,-97.3179557323999 27.5726669694999,-97.3176289227999 27.5733516941,-97.3155195151999 27.5744051080999,-97.3108253406 27.5788293365999,-97.3103499811 27.5794613547,-97.3108253406 27.5788293365999,-97.3103499811 27.5794613547,-97.3090427425999 27.5802777058999,-97.3073492744999 27.5821473907999,-97.3086283335999 27.5833975164,-97.3106961472 27.5817543207999,-97.7369418390999 27.4247521479,-97.3128352648 27.5801111005,-97.3139048234999 27.5789945394,-97.3143801829999 27.5788892029,-97.3153309018999 27.5791209431,-97.3159726372 27.579268414,-97.316115245 27.5799004295,-97.3144990228999 27.5829129868999,-97.3065842878999 27.5926242343999,-97.3137146798 27.5838188446,-97.3130254085999 27.5840505745,-97.3115517942 27.5841980386,-97.3109575949 27.5840927071,-97.3098405001999 27.5843244363999,-97.3091036929999 27.5864521094,-97.308248046 27.5875053976999,-97.3082005100999 27.5878424478,-97.308295582 27.5886429376,-97.3084857257999 27.5892748991,-97.3088897812999 27.5895276827,-97.3094364446999 27.5896119438,-97.3098880361 27.5894855521,-97.3103158596999 27.5891063764,-97.3108387550999 27.5884744138999,-97.3114091863999 27.5882005622999,-97.3120984576 27.5878424478,-97.3124549772 27.5879477756999,-97.312645121 27.5883058898999,-97.3115280262999 27.5900543133,-97.3110526667999 27.590854787,-97.3109813628999 27.5911286318999,-97.3113854183999 27.5915288654999,-97.3116230982 27.5921608103999,-97.3114804902999 27.5935300119,-97.3108625229999 27.5943515244999,-97.3105060033999 27.5944147175,-97.3078202224999 27.5918448384,-97.3072735590999 27.5921186809,-97.3065842878999 27.5926242343999,-97.3058237128 27.5932772375,-97.3058474807999 27.5943515244999,-97.3063941441999 27.5946885536,-97.3070596473999 27.5947938748999,-97.3002144711999 27.5963526192999,-97.300380847 27.596500067,-97.3002382391999 27.5969634725,-97.2998817195999 27.5972162384,-97.2993112883 27.5972583659999,-97.2985269451999 27.5971530469999,-97.2985031772 27.5980798507,-97.2987408568999 27.5985011225,-97.2990260726 27.6001651304,-97.2997486189999 27.6032234688,-97.2993207954999 27.6051190903,-97.2991068837 27.6063196335999,-97.2987503641 27.6087206806999,-97.2983225405999 27.6099211846,-97.2971103739999 27.610426656,-97.2965399426 27.6154812412999,-97.2942582172999 27.6191456699,-97.2926895310999 27.6206619493,-97.2929034427999 27.6219886764999,-97.2920477958 27.6245789072,-97.2905504135 27.6250843109,-97.2881260803 27.6304540813,-97.2884825998999 27.6314648321,-97.2871088110999 27.6358530671999,-97.2865193652999 27.6361899684999,-97.2863672503 27.6378407702,-97.2853404739 27.6388346082,-97.2838003092 27.6412602087999,-97.2824883172 27.6433320334,-97.2814425262999 27.6441742272999,-97.2816706989 27.6459259698999,-97.281879857 27.646431275,-97.2820890152 27.6470039513,-97.2817847852 27.647593468,-97.2810432243999 27.6483682564,-97.2767840037 27.6556779466999,-97.2769551331 27.656098997,-97.2769361186999 27.6566884645999,-97.2768410468 27.6573452961,-97.2766889317999 27.6578168650999,-97.2760614573 27.6580021237999,-97.2759283567 27.6586421059,-97.2762706154999 27.6592820842,-97.2765178023999 27.6592652426999,-97.2767079462 27.6596189133999,-97.2747874939999 27.6627850572,-97.2732720479999 27.6650097236999,-97.2728442245 27.6667779727999,-97.2708952507999 27.6685882933999,-97.2698969958999 27.6710721729,-97.2690888847999 27.6733876029,-97.2687085973 27.6746926418999,-97.2684709174999 27.6781867017,-97.2648106496999 27.6795758750999,-97.2637173229999 27.6794495872999,-97.2614355975999 27.6798284501999,-97.2593915518999 27.6819332198999,-97.2590588002999 27.683827478,-97.2588686564999 27.6855112353,-97.257585186 27.6874475242,-97.2569196828 27.6882051931,-97.2570622906 27.6887103028,-97.2559214279 27.6916146380999,-97.2543527417 27.692498551,-97.2522136241999 27.6923301872,-97.2515481208999 27.6918250941999,-97.2444177290999 27.689173318,-97.243657154 27.6891312258,-97.2436096179999 27.6900993424,-97.2442275852999 27.6907728097999,-97.2447980167 27.6931720034999,-97.2450832323 27.6935929093,-97.2468420623 27.6946451666,-97.2486008923 27.6953186058999,-97.2498843628 27.6958657722999,-97.2521185523 27.6972547208,-97.253652774 27.6994574848))","Upper Laguna Madre"
"Menidia beryllina","eatenBy","Scomberomorus cavalla",27.904228,-96.886663,,"Miles 1949",-671216400000,1589215,1589195,,,"Literature","Literature",,,,,,,,,,,"POLYGON((-96.4431213321999 28.2192890305,-96.5019699916 28.1727431067,-96.7087513546999 27.9903044337999,-96.8299680158 27.8601018539,-96.9844598387 27.6308179874,-97.0771549324999 27.4200424090999,-97.1272577738999 27.2579112861,-97.3206974266999 27.2896025888,-97.3302046158 27.337751689,-97.3233911302999 27.3579765212999,-97.2966521608999 27.4263504545,-97.2570784863 27.51017733,-97.2224960859 27.5775088982,-97.2082353022999 27.6034189647,-97.1939745186 27.6324815042999,-97.1861310876 27.6454308032999,-97.162244275 27.6842695015,-97.1440617757999 27.712048065,-97.127305355 27.7350862792999,-97.1134010908999 27.7552801598,-97.1027055031999 27.7694767399,-97.0970011896999 27.7770474920999,-97.0838099647999 27.7947105314,-97.0813143276999 27.7966028298,-97.076679573 27.802279527,-97.0709752596 27.8082712745999,-97.0652709461 27.8174159364,-97.0620622697999 27.8180465744,-97.0570709954999 27.8265598282,-97.0520797212 27.8287668591,-97.0474449664999 27.8344418754,-97.0460188881999 27.8401165949,-97.0431667314 27.8495738011,-97.0363928592 27.8609213599999,-97.0264103105999 27.8773101811999,-97.0082278115 27.9028339826,-96.9993148216999 27.9129158010999,-96.9861235967999 27.9280367669,-96.9622367842 27.9570127052,-96.9426282066 27.9768504389,-96.9187413939999 28.0017211718,-96.8891502679 28.0303626241999,-96.8249767414999 28.0854209174999,-96.7522467448 28.1423372368,-96.6855775811999 28.1882256154,-96.6374474363999 28.219958796,-96.6092823886999 28.2365442705,-96.5850390564 28.2440822704,-96.5593696459 28.2465948187,-96.5294220002 28.2465948187,-96.5009004328999 28.2440822704,-96.4837874924999 28.2390569963,-96.4431213321999 28.2192890305))","Coastal waters from San Jose Island to Mustang Island"
"Menidia beryllina","eatenBy","Scomberomorus cavalla",27.850581,-97.063523,,"Miles 1949",-671216400000,1589179,1589159,,,"Literature","Literature",,,,,,,,,,,"POLYGON((((-97.0635233496 27.8708788474999,-97.0631415244999 27.8708752559,-97.0627598346 27.8708644825999,-97.0623784148999 27.8708465312,-97.0619974003 27.8708214082999,-97.0578713455 27.8700760752999,-97.0612371258 27.8707496855,-97.0608581349 27.870703111,-97.0604800872 27.8706494157,-97.0601031164 27.8705886185,-97.0597273559999 27.8705207409,-97.0593529389 27.8704458069999,-97.0589799976 27.8703638432,-97.0586086641 27.8702748786,-97.0582390697999 27.8701789445999,-97.0578713455 27.8700760752999,-97.0575056212999 27.8699663069,-97.0571420266 27.8698496784,-97.0567806902 27.8697262311,-97.0564217399 27.8695960085,-97.0560653026 27.8694590568,-97.0557115045999 27.8693154245,-97.0553604711 27.8691651624,-97.0550123262 27.8690083235999,-97.0546671932 27.8688449636999,-97.0543251941 27.8686751404,-97.0539864500999 27.8684989139,-97.0536510809999 27.8683163466,-97.0533192055 27.8681275028999,-97.0529909411 27.8679324499,-97.0526664038 27.8677312563999,-97.0523457084999 27.8675239937,-97.0520289688 27.8673107352,-97.0517162966999 27.8670915561999,-97.0514078028 27.8668665344,-97.0511035963999 27.8666357494,-97.0508037849999 27.8663992829,-97.0505084748999 27.8661572185,-97.0502177703999 27.8659096419,-97.0499317744999 27.8656566406999,-97.0496505882999 27.8653983045,-97.0493743114 27.8651347246,-97.0491030415 27.8648659943999,-97.0488368747 27.8645922089,-97.0485759050999 27.8643134649999,-97.0483202250999 27.8640298613999,-97.0480699250999 27.8637414985,-97.0478250938 27.8634484781999,-97.0475858177999 27.8631509042999,-97.0473521817 27.862848882,-97.0471242681999 27.8625425183,-97.0469021579999 27.8622319215999,-97.0466859296 27.8619172016999,-97.0464756596999 27.8615984702,-97.0462714226 27.8612758396,-97.0460732906 27.8609494242999,-97.0458813336999 27.8606193397,-97.04569562 27.8602857025999,-97.0455162151999 27.8599486312,-97.0453431826999 27.8596082446,-97.0451765836999 27.8592646634,-97.0450164772999 27.8589180091,-97.04486292 27.8585684044,-97.0447159663 27.858215973,-97.0445756680999 27.8578608396999,-97.044442075 27.8575031301,-97.0443152345 27.8571429707999,-97.0478250938 27.8634484781999,-97.0475858177999 27.8631509042999,-97.0473521817 27.862848882,-97.0471242681999 27.8625425183,-97.0469021579999 27.8622319215999,-97.0466859296 27.8619172016999,-97.0464756596999 27.8615984702,-97.0462714226 27.8612758396,-97.0460732906 27.8609494242999,-97.0458813336999 27.8606193397,-97.04569562 27.8602857025999,-97.0455162151999 27.8599486312,-97.0453431826999 27.8596082446,-97.0451765836999 27.8592646634,-97.0450164772999 27.8589180091,-97.04486292 27.8585684044,-97.0447159663 27.858215973,-97.0445756680999 27.8578608396999,-97.044442075 27.8575031301,-97.0443152345 27.8571429707999,-97.0441951912 27.8567804891999,-97.0440819877999 27.8564158137,-97.0439756643 27.8560490732,-97.0438762582 27.8556803976,-97.0437838048 27.8553099173,-97.0436983368999 27.8549377633999,-97.0436198845 27.8545640677,-97.0435484756 27.8541889623,-97.0434841354 27.8538125801,-97.0434268866 27.8534350541,-97.0433767494999 27.8530565181,-97.0433337417999 27.8526771059,-97.0432978788 27.8522969518,-97.0432691732 27.8519161904,-97.0432476351 27.8515349563999,-97.0432332720999 27.8511533847,-97.0432260893 27.8507716103,-97.0432260893 27.8503897683999,-97.0432332720999 27.8500079939999,-97.0432476351 27.8496264222999,-97.0432691732 27.8492451882,-97.0432978788 27.8488644267999,-97.0433337417999 27.8484842728,-97.0433767494999 27.8481048605999,-97.0434268866 27.8477263245,-97.0434841354 27.8473487985999,-97.0435484756 27.8469724163,-97.0436198845 27.846597311,-97.0436983368999 27.8462236152,-97.0437838048 27.8458514613999,-97.0438762582 27.8454809811,-97.0439756643 27.8451123054999,-97.0440819877999 27.844745565,-97.0441951912 27.8443808894999,-97.0443152345 27.8440184078999,-97.044442075 27.8436582486,-97.0445756680999 27.8433005388999,-97.0447159663 27.8429454055999,-97.04486292 27.8425929741999,-97.0450164772999 27.8422433695999,-97.0451765836999 27.8418967152999,-97.0453431826999 27.841553134,-97.0455162151999 27.8412127474999,-97.04569562 27.840875676,-97.0458813336999 27.8405420389999,-97.0460732906 27.8402119544,-97.0462714226 27.839885539,-97.0464756596999 27.8395629085,-97.0466859296 27.8392441768999,-97.0469021579999 27.8389294571,-97.0471242681999 27.8386188602999,-97.0473521817 27.8383124966,-97.0475858177999 27.8380104744,-97.0478250938 27.8377129005,-97.0480699250999 27.8374198801999,-97.0483202250999 27.8371315172,-97.0485759050999 27.8368479136,-97.0488368747 27.8365691698,-97.0491030415 27.8362953843,-97.0493743114 27.8360266540999,-97.0496505882999 27.8357630741999,-97.0499317744999 27.835504738,-97.0502177703999 27.8352517368,-97.0505084748999 27.8350041602,-97.0508037849999 27.8347620957999,-97.0511035963999 27.8345256292,-97.0514078028 27.8342948441999,-97.0517162966999 27.8340698224,-97.0520289688 27.8338506435,-97.0523457084999 27.8336373849,-97.0526664038 27.8334301221999,-97.0529909411 27.8332289288,-97.0533192055 27.8330338757,-97.0536510809999 27.8328450321,-97.0539864500999 27.8326624647,-97.0543251941 27.8324862382,-97.0546671932 27.832316415,-97.0550123262 27.8321530551,-97.0553604711 27.8319962162999,-97.0557115045999 27.8318459541,-97.0560653026 27.8317023218,-97.0564217399 27.8315653701,-97.0567806902 27.8314351476,-97.0571420266 27.8313117002,-97.0575056212999 27.8311950717,-97.0578713455 27.8310853033999,-97.0582390697999 27.8309824339999,-97.0586086641 27.8308865001,-97.0589799976 27.8307975355,-97.0593529389 27.8307155717,-97.0597273559999 27.8306406377999,-97.0601031164 27.8305727601999,-97.0604800872 27.8305119629999,-97.0608581349 27.8304582676,-97.0612371258 27.8304116931999,-97.0616169256999 27.8303722560999,-97.0619974003 27.8303399704,-97.0623784148999 27.8303148474,-97.0627598346 27.8302968960999,-97.0631415244999 27.8302861226999,-97.0635233496 27.8302825312,-97.0639051745999 27.8302861226999,-97.0642868646 27.8302968960999,-97.0646682842999 27.8303148474,-97.0650492989 27.8303399704,-97.0654297733999 27.8303722560999,-97.0658095734 27.8304116931999,-97.0661885643 27.8304582676,-97.066566612 27.8305119629999,-97.0669435827999 27.8305727601999,-97.0673193431999 27.8306406377999,-97.0676937603 27.8307155717,-97.0680667016 27.8307975355,-97.0684380351 27.8308865001,-97.0688076293999 27.8309824339999,-97.0691753537 27.8310853033999,-97.0695410778999 27.8311950717,-97.0699046725 27.8313117002,-97.0702660089999 27.8314351476,-97.0706249593 27.8315653701,-97.0709813965 27.8317023218,-97.0713351944999 27.8318459541,-97.0716862281 27.8319962162999,-97.0720343729999 27.8321530551,-97.072379506 27.832316415,-97.072721505 27.8324862382,-97.0730602489999 27.8326624647,-97.0733956180999 27.8328450321,-97.0737274936 27.8330338757,-97.0740557581 27.8332289288,-97.0743802954 27.8334301221999,-97.0747009906999 27.8336373849,-97.0750177304 27.8338506435,-97.0753304025 27.8340698224,-97.0756388963999 27.8342948441999,-97.0759431027999 27.8345256292,-97.0762429141 27.8347620957999,-97.0765382242999 27.8350041602,-97.0768289287999 27.8352517368,-97.0771149246999 27.835504738,-97.0773961108999 27.8357630741999,-97.0776723878 27.8360266540999,-97.0779436576 27.8362953843,-97.0782098244 27.8365691698,-97.0784707939999 27.8368479136,-97.0787264740999 27.8371315172,-97.0789767739999 27.8374198801999,-97.0792216053999 27.8377129005,-97.0794608813999 27.8380104744,-97.0796945175 27.8383124966,-97.079922431 27.8386188602999,-97.0801445411999 27.8389294571,-97.0803607695 27.8392441768999,-97.0805710393999 27.8395629085,-97.0807752765999 27.839885539,-97.0809734086 27.8402119544,-97.0811653653999 27.8405420389999,-97.0813510791 27.840875676,-97.0815304839999 27.8412127474999,-97.0817035164999 27.841553134,-97.0818701154999 27.8418967152999,-97.0820302218999 27.8422433695999,-97.0821837791999 27.8425929741999,-97.0823307329 27.8429454055999,-97.0824710310999 27.8433005388999,-97.0826046241 27.8436582486,-97.0827314647 27.8440184078999,-97.0828515079 27.8443808894999,-97.0829647113999 27.844745565,-97.0830710349 27.8451123054999,-97.0831704409999 27.8454809811,-97.0832628943 27.8458514613999,-97.0833483623 27.8462236152,-97.0834268146 27.846597311,-97.0834982235 27.8469724163,-97.0835625638 27.8473487985999,-97.0836198126 27.8477263245,-97.0836699496999 27.8481048605999,-97.0837129572999 27.8484842728,-97.0837488203 27.8488644267999,-97.083777526 27.8492451882,-97.0837990641 27.8496264222999,-97.0838134270999 27.8500079939999,-97.0838206098 27.8503897683999,-97.0838206098 27.8507716103,-97.0838134270999 27.8511533847,-97.0837990641 27.8515349563999,-97.083777526 27.8519161904,-97.0837488203 27.8522969518,-97.0837129572999 27.8526771059,-97.0836699496999 27.8530565181,-97.0836198126 27.8534350541,-97.0835625638 27.8538125801,-97.0834982235 27.8541889623,-97.0834268146 27.8545640677,-97.0833483623 27.8549377633999,-97.0832628943 27.8553099173,-97.0831704409999 27.8556803976,-97.0830710349 27.8560490732,-97.0829647113999 27.8564158137,-97.0828515079 27.8567804891999,-97.0827314647 27.8571429707999,-97.0826046241 27.8575031301,-97.0824710310999 27.8578608396999,-97.0823307329 27.858215973,-97.0821837791999 27.8585684044,-97.0820302218999 27.8589180091,-97.0818701154999 27.8592646634,-97.0817035164999 27.8596082446,-97.0815304839999 27.8599486312,-97.0813510791 27.8602857025999,-97.0811653653999 27.8606193397,-97.0809734086 27.8609494242999,-97.0807752765999 27.8612758396,-97.0805710393999 27.8615984702,-97.0803607695 27.8619172016999,-97.0801445411999 27.8622319215999,-97.079922431 27.8625425183,-97.0796945175 27.862848882,-97.0794608813999 27.8631509042999,-97.0792216053999 27.8634484781999,-97.0789767739999 27.8637414985,-97.0787264740999 27.8640298613999,-97.0784707939999 27.8643134649999,-97.0782098244 27.8645922089,-97.0779436576 27.8648659943999,-97.0776723878 27.8651347246,-97.0773961108999 27.8653983045,-97.0771149246999 27.8656566406999,-97.0768289287999 27.8659096419,-97.0765382242999 27.8661572185,-97.0762429141 27.8663992829,-97.0759431027999 27.8666357494,-97.0756388963999 27.8668665344,-97.0753304025 27.8670915561999,-97.0750177304 27.8673107352,-97.0747009906999 27.8675239937,-97.0743802954 27.8677312563999,-97.0740557581 27.8679324499,-97.0737274936 27.8681275028999,-97.0733956180999 27.8683163466,-97.0730602489999 27.8684989139,-97.072721505 27.8686751404,-97.072379506 27.8688449636999,-97.0720343729999 27.8690083235999,-97.0716862281 27.8691651624,-97.0713351944999 27.8693154245,-97.0709813965 27.8694590568,-97.0706249593 27.8695960085,-97.0702660089999 27.8697262311,-97.0699046725 27.8698496784,-97.0695410778999 27.8699663069,-97.0691753537 27.8700760752999,-97.0688076293999 27.8701789445999,-97.0684380351 27.8702748786,-97.0680667016 27.8703638432,-97.0676937603 27.8704458069999,-97.0673193431999 27.8705207409,-97.0669435827999 27.8705886185,-97.066566612 27.8706494157,-97.0661885643 27.870703111,-97.0658095734 27.8707496855,-97.0654297733999 27.8707891225,-97.0650492989 27.8708214082999,-97.0646682842999 27.8708465312,-97.0642868646 27.8708644825999,-97.0639051745999 27.8708752559,-97.0635233496 27.8708788474999))","Lydia Ann Channel at Port Aransas"
"Menidia beryllina","eatenBy","Scomberomorus cavalla",27.72456,-96.639307,,"Miles 1949",-671216400000,1589251,1589231,,,"Literature","Literature",,,,,,,,,,,"POLYGON((-97.1272577738999 27.2579112861,-97.0771549324999 27.4200424090999,-96.9844598387 27.6308179874,-96.8299680158 27.8601018539,-96.7087513546999 27.9903044337999,-96.5019699916 28.1727431067,-96.4431213321999 28.2192890305,-96.4424312199 28.2189535328999,-96.1529373115999 27.9748983158,-96.1458069197999 27.9471869537,-96.1500851548999 27.9245087307,-96.1743284870999 27.9131678345,-96.2171108380999 27.8904824745999,-96.3254927938999 27.827442646,-96.3982227905 27.7807695854,-96.5066047462999 27.6962025234,-96.5593696459 27.6482099652,-96.6734559151 27.5218131503,-96.8524683633 27.2460814951999,-96.8586480361999 27.2304435458,-96.8634016307999 27.2207215510999,-96.871958101 27.2160716013999,-97.1272577738999 27.2579112861))","Continental Shelf from San Jose Island to Mustang Island"
"Menidia beryllina","eatenBy","Sciaenops ocellatus",27.273031,-97.588381,,"Miles 1949",-671216400000,1589819,1589791,,,"Literature","Literature",,,,,,,,,,,"POLYGON(((((((-97.4110840988 27.3231362803,-97.4229680851999 27.2624105204,-97.430098477 27.2624105204,-97.4372288688999 27.2645232781,-97.4455476593 27.2645232781,-97.4544606491 27.2602977226,-97.4639678382 27.2573925601,-97.4705040306999 27.2539590883,-97.4749605255999 27.2518461298999,-97.4886271099999 27.2499972584,-97.4899640584 27.2477521588,-97.4993226976999 27.245137221,-97.5025756775 27.2399899141999,-97.5058887427999 27.2373120303,-97.5093524019 27.2357052690999,-97.5114607162 27.2339645849,-97.5171832835 27.2323577754,-97.5207975364999 27.2307509426,-97.5244117894999 27.2307509426,-97.5283272302 27.2292779922,-97.5426336483999 27.2292779922,-97.5614578827999 27.2340984846999,-97.5673310439999 27.2345001829,-97.5700417336999 27.2353035752,-97.5703429215 27.2374459259999,-97.5732042050999 27.2394543425,-97.5869082477999 27.2410610497,-97.6000099148999 27.2436049551,-97.6174788044999 27.2419982848,-97.6307310655 27.2425338440999,-97.6370560082999 27.2472198787,-97.6403690734999 27.2537799955,-97.6405196674 27.2573945884,-97.6400678857999 27.2703793789,-97.6433809510999 27.2733241719999,-97.6491035182999 27.276670433,-97.6518142081 27.2757334900999,-97.656783806 27.2738595805,-97.6632593426 27.2734580244,-97.677264573 27.2703793789,-97.6825353586999 27.2687730952999,-97.6891614892 27.2685053790999,-97.6944322747999 27.2667652081,-97.6986489032999 27.2687730952999,-97.7015101869999 27.2654265964999,-97.70512444 27.2642218322999,-97.7120517582 27.2626154597,-97.7156660113 27.2638202412999,-97.7182261070999 27.2644895588,-97.7197320459 27.2636863773,-97.7228945173 27.2638202412999,-97.7263581763999 27.2623477286,-97.7284664907 27.2628831900999,-97.7304242109999 27.2630170549999,-97.7343396517999 27.2654265964999,-97.7372009353999 27.2655604584,-97.7397610313 27.2683715207999,-97.7397610313 27.2721194934,-97.7411163761999 27.2753319406999,-97.7379539047999 27.2794812144,-97.7356949967 27.2794812144,-97.7355444028 27.277607368,-97.7355444028 27.2735918766,-97.7334360886 27.2718517851999,-97.7292194599999 27.2718517851999,-97.7254546132 27.2691746684,-97.7176237316 27.2721194934,-97.7143106663999 27.2768042812999,-97.7105458194999 27.2772058253999,-97.7093410684999 27.2760011889,-97.7015101869999 27.2753319406999,-97.6936793053999 27.2777412151999,-97.6902156463 27.281890399,-97.6843424852 27.2830949716999,-97.6795234811999 27.28282729,-97.6718431934999 27.2838980129,-97.6677771588999 27.2847010483,-97.6600968711999 27.2875116264999,-97.6606992467 27.2900544692999,-97.6570849936999 27.2964782339,-97.6582897446999 27.2980841169999,-97.6581391507999 27.2996899769,-97.654374304 27.3043736021,-97.6675706627 27.3101332439,-97.6721341134999 27.3100065315999,-97.6754140936999 27.3117804904,-97.6764123485999 27.3169754924,-97.6832575246999 27.3200163562,-97.6855392501 27.3183692319999,-97.6896748773999 27.3177357161,-97.6963774456999 27.3197629541,-97.7036504454 27.3152016166,-97.703935661 27.3177357161,-97.6998000338 27.3200163562,-97.6962348378999 27.3211566586,-97.6969478771 27.3230571367,-97.6950939751999 27.3244507998999,-97.6896748773999 27.3201430569999,-97.6881061912 27.3203964582999,-97.6861096815 27.3236906220999,-97.6841131718 27.3239440153,-97.6834001325999 27.3266046084999,-97.6926696419999 27.3353461082,-97.6899600930999 27.3411733918,-97.6933826811 27.348393731,-97.6955217987 27.3502937421,-97.6966626613999 27.3559935798,-97.6988572374999 27.359936169,-97.7015905543999 27.3612027146999,-97.7033731524 27.3635246774,-97.7046803908999 27.3679573802,-97.7040861914999 27.3702792013,-97.70539343 27.3721788368,-97.7105035441999 27.3745005693,-97.711573103 27.3784051913999,-97.7149006191 27.3811488975,-97.7146629394 27.385158807,-97.7183469752 27.3888520161,-97.7200107333 27.3856864159,-97.7232194096 27.385264329,-97.7242889684 27.3875857869,-97.7234570892999 27.3944443550999,-97.7240512886999 27.3967656202999,-97.7248831677 27.3981372541,-97.7288023022999 27.4003951372999,-97.730870116 27.4022309522,-97.7325101060999 27.4037502243,-97.7342927041 27.406282298,-97.7352196549999 27.4098271037,-97.7357187823999 27.4116627619999,-97.7347918315 27.4137515773999,-97.734364008 27.4168530789,-97.7383570273999 27.4197013199,-97.7392839782999 27.4203342524,-97.7395691939999 27.4217899832999,-97.7408279026 27.4220939134999,-97.7416122456999 27.4218090988999,-97.7426461525 27.4220939134999,-97.7454626572999 27.4230749359999,-97.7462826523999 27.4236129123999,-97.7477800347 27.4237394947,-97.7489565493 27.4249103741,-97.7493130688999 27.4250369549,-97.7514521865 27.4244040494,-97.7527000049999 27.4251951807999,-97.7538765197 27.4262711103,-97.7541260833999 27.4280115623,-97.7548034705999 27.4286760913,-97.7575130194999 27.429467192,-97.7594382253 27.4302582870999,-97.7615060388999 27.4303532180999,-97.7629677693 27.4304165054,-97.7636451565 27.4304797927,-97.7656773182 27.4321252489,-97.7648573231 27.4331061823,-97.7640016760999 27.4333909678,-97.7629321172999 27.4335175388999,-97.7606860438999 27.432473323,-97.7604364801999 27.4319353898,-97.7596164850999 27.4318721034,-97.7587964899999 27.4321885352,-97.7570495439999 27.4321885352,-97.7548391226 27.4317138870999,-97.7461756965 27.4287077354,-97.742253981 27.4272520956999,-97.7369418390999 27.4247521479,-97.7362644518999 27.4246572121,-97.736157496 27.4253850513999,-97.7363357557999 27.4260495961999,-97.7370131429999 27.4299734935,-97.7368348832 27.432473323,-97.7398652997 27.43544773,-97.7399009516999 27.4361438562999,-97.7388670449 27.4359540041,-97.7377261822 27.4348781688999,-97.7370131429999 27.4343086049,-97.7363357557999 27.4347832418,-97.7364783636 27.4358590778999,-97.7359079322999 27.4380107186,-97.7350879372 27.4372513207,-97.7347670695999 27.4362071402,-97.7348027215 27.4348465266,-97.7354088048 27.4339921792,-97.7351235892 27.4325998951999,-97.7350879372 27.4293406162999,-97.7343392461 27.4287393795,-97.7344462018999 27.4248470837,-97.7348027215 27.4242141771,-97.7343035940999 27.4235812667999,-97.73441055 27.4231382275,-97.7323783883 27.4231382275,-97.7314870893 27.4235496211999,-97.7305957904 27.4240875953,-97.7297401433 27.4249103741,-97.7286349326 27.4281697838,-97.7282427611 27.4284229378,-97.7271375503 27.4279482735999,-97.7274940699 27.4224736651999,-97.7284923248 27.4220306214,-97.7285279766999 27.4202900750999,-97.7260679915 27.4160493565999,-97.7256401679999 27.4139289363,-97.72567582 27.4118717732,-97.7249271289 27.4107957034,-97.7258540798 27.4092132287,-97.7244280014 27.4076940317999,-97.7225740995999 27.4068394743,-97.7209341094 27.4069977262,-97.7203636781 27.4071559779,-97.7170480459 27.4072192783999,-97.7118785117999 27.4027248458,-97.711700252 27.4019335535999,-97.7123419872999 27.400034429,-97.7116646000999 27.3991165071,-97.7101672178 27.3987683277999,-97.7092046149 27.3981352718,-97.7076359287 27.3967108824999,-97.7043559484 27.3945267832,-97.7030368259 27.3939570110999,-97.7001490172 27.3923742954,-97.6991864144 27.3920894042,-97.6981168556 27.3921527134,-97.6974394684 27.3929440757,-97.6973325124999 27.3936721239999,-97.6975107723 27.3944951293,-97.6980812035999 27.3956663186999,-97.6985446790999 27.3959195471999,-97.6984020712999 27.3968691488999,-97.6978672918999 27.3981352718,-97.6970472967999 27.3970590682,-97.6963342576 27.3959828542,-97.6937316645999 27.3941152815,-97.6955855665 27.3920260949,-97.6958707822 27.3893354177,-97.6971899045999 27.3886073408,-97.6984377232 27.3881325055,-97.6992220662999 27.3875943564,-97.700327277 27.3871511727,-97.7004698849 27.3866130187999,-97.7010759682 27.3863597689999,-97.7017533554 27.3860115495999,-97.7018603112999 27.3853467638999,-97.7017177034999 27.3841121514999,-97.7009690123 27.3835423256999,-97.6995785858999 27.383320726,-97.6985090271 27.3828142107,-97.6975464241999 27.3823710079,-97.6964055615 27.3816745429,-97.6935534047999 27.3810097311999,-97.6918421107999 27.3820280521999,-97.6910993615999 27.3827667248,-97.6912182015 27.3840857707,-97.6894058935999 27.3893881766999,-97.6884848846 27.3902586966999,-97.6882174949 27.3913930002999,-97.6864705489 27.3947272579,-97.6864705489 27.3959617519,-97.6872192401 27.3983990456,-97.6871835880999 27.3994752360999,-97.6861853333 27.4002032414,-97.6856149018999 27.3999500227,-97.6832975245999 27.3958984448,-97.6842244755 27.3953286797999,-97.6851157745 27.3946006424,-97.6857931617 27.3939675624999,-97.6859001175999 27.3927330462999,-97.6859714215 27.3912769324999,-97.6879679312 27.3878264995,-97.6882531468999 27.3870034444999,-97.6877896713999 27.3862120396999,-97.6866488086999 27.3832996213,-97.6881105389999 27.3808619946999,-97.6881818429999 27.3800705459999,-97.6837253480999 27.3787408992999,-97.6818714462 27.3772529425,-97.6804453678 27.3766830814,-97.6787697257999 27.3750367994999,-97.6783775541999 27.3725040102,-97.6773792993 27.3709526481999,-97.6776288630999 27.3694012644,-97.6771653875999 27.3690213303999,-97.6770227797999 27.3683247811999,-97.6780210345999 27.3676598893,-97.6762384367 27.3651585936,-97.6738141034 27.3645886702,-97.6716749858999 27.3658235004999,-97.6690367408999 27.3633854889999,-97.6642593784 27.3617073459999,-97.6622272167 27.360630788,-97.6616924373 27.3591109235999,-97.6603733147999 27.3574010512,-97.6603733147999 27.3556911523999,-97.6622628686999 27.3550261847,-97.6635463391999 27.3540128928,-97.6642237263999 27.3526512671999,-97.6644019862 27.3515746212,-97.6649724175999 27.3499279659,-97.6680741379999 27.3453362015,-97.6675037067 27.3442278160999,-97.6654002411 27.3426127203,-97.6644019862 27.3410292702,-97.6627263440999 27.3391924398,-97.6618706970999 27.3386857226,-97.6603376629 27.3380523227999,-97.6585907168999 27.3370072053,-97.6555959523 27.3362787842,-97.6516029329 27.3352969918,-97.6498203348999 27.3323198904,-97.6496777270999 27.3315280947,-97.6501412025999 27.3310213424,-97.6510325014999 27.3297861241,-97.6522090162 27.3294693992999,-97.6536350946 27.3292160186999,-97.6543124818 27.3288992923,-97.6546333494 27.3280124533,-97.6552394327 27.3272206267999,-97.6564872513 27.3280757992,-97.656736815 27.3292160186999,-97.6583411531999 27.3338401224,-97.6589472364999 27.3356770414999,-97.6601237511 27.3350119535999,-97.6606941824999 27.3340618211,-97.6596246236999 27.3324149054999,-97.6584124570999 27.3289626376,-97.6565942072 27.3267455282,-97.6551324768 27.3260487131999,-97.6539916140999 27.3252568726999,-97.6523159720999 27.3245917222,-97.6493568595 27.3241482864,-97.6461838351 27.3236731746,-97.644543845 27.3239899161,-97.6430464626999 27.3243383306,-97.6415847324 27.3241799605,-97.6378056246999 27.3241166124,-97.6353812914999 27.3240849383,-97.6334560857 27.3238632196,-97.6326004386999 27.3229763404,-97.6326004386999 27.3146773409,-97.6326004386999 27.3139487731,-97.633135218 27.3135369718,-97.6338482572 27.3131568461999,-97.6345256445 27.3122382039,-97.6343830365999 27.3113829093999,-97.6333847818 27.3108760651,-97.6319587034 27.3104008964999,-97.6307108847999 27.3098623696,-97.6302117574 27.3089437,-97.6303900172 27.3058708533999,-97.6300334975999 27.3054273427,-97.6301048014999 27.3046353549999,-97.6304613211 27.3033048029,-97.6303543652 27.3021643169999,-97.6301761053999 27.3018791936,-97.6287500270999 27.301910874,-97.6280013358999 27.301435667,-97.6276804682999 27.3009287773,-97.6285361152999 27.3004852468999,-97.6299621936999 27.3002001193,-97.6312456641999 27.2999149909,-97.6318160956 27.3001367574999,-97.6320300073 27.3007070122999,-97.6318160956 27.3014039864999,-97.6319230513999 27.3018158327999,-97.6320656592999 27.3025127999999,-97.6314952279 27.3033998428999,-97.6309961004999 27.3039384011,-97.6309247965999 27.3045086364,-97.6313526201 27.3049204711999,-97.6319587034 27.3049838302999,-97.6325647867 27.304350238,-97.6332065219999 27.3034632028,-97.6340265169999 27.3027662414999,-97.6354525953999 27.3020692758999,-97.6359160708999 27.3015940696,-97.6370212815999 27.3008020545,-97.6368430218 27.3000417147,-97.6361656346 27.2992180074,-97.6353456395 27.2985210195,-97.6309961004999 27.2975388927999,-97.6273239486999 27.2963666656,-97.6258622184 27.2940538568,-97.6265396056 27.2934835677999,-97.6267178653999 27.2925330795999,-97.6257909145 27.2913607996,-97.6232952773 27.2894597787,-97.6185535668 27.2869250335,-97.6170918363999 27.2867032406,-97.6164501012 27.2869884029,-97.6164144491999 27.2875904097,-97.6174483559999 27.2879389385,-97.6182683510999 27.2882874663,-97.6187674785 27.2898716692999,-97.620050949 27.2905053442,-97.6214057235 27.2911073319999,-97.6220474587999 27.2912974328,-97.6245074439 27.2931984222,-97.6250422232999 27.2951944261,-97.6234735370999 27.2946875079,-97.6219048508999 27.2939588089,-97.620050949 27.293451885,-97.6183753069999 27.2930716906,-97.6162718414 27.2924697133999,-97.6150240228 27.2923112978,-97.6142396797 27.2918360496999,-97.6135266404999 27.2906320788,-97.6130988169999 27.2895548304999,-97.6125640375999 27.2888894660999,-97.6116014347 27.2888260978,-97.6112805670999 27.2893013588,-97.610496224 27.2898399854999,-97.6099970965999 27.2901885072,-97.6091414495 27.2901885072,-97.6089275378 27.2895231466,-97.6099614446 27.2891112547,-97.6105675279 27.2888894660999,-97.6112449151 27.2886676769999,-97.6117796945 27.2879072542,-97.6123144739 27.2878755698,-97.6127066454999 27.2866398711,-97.6126353414999 27.2856893243,-97.6115657828 27.2853724735999,-97.6114588269 27.2847070840999,-97.6108170915999 27.2843585451,-97.6018883705999 27.290846295,-97.597134776 27.2964435823999,-97.5920246618999 27.3006677634,-97.5898855443 27.3035189946999,-97.5820421133 27.3097492082,-97.5767289811 27.312885302,-97.5777985398 27.3139412057999,-97.5824332945 27.3116182039999,-97.5881376079999 27.3119349798999,-97.5887318072999 27.3099287175999,-97.5868303695 27.3095063419999,-97.5918216438 27.3032761149,-97.5949114801999 27.3023257105,-97.5981201565 27.2991576370999,-97.6027549111999 27.3066552645,-97.6091722639 27.3069720545,-97.6105983422 27.3115126119,-97.6122621003 27.3115126119,-97.6139258583999 27.3135188454999,-97.6167780151999 27.3133076647,-97.6210562503 27.3212266687,-97.6237895671 27.3227048201,-97.6271170833 27.3286172289999,-97.6321083576 27.3345293225,-97.6329402366 27.3357961586999,-97.6306822792 27.3387520534,-97.6305634394 27.3500470677,-97.6284243217999 27.3517359428,-97.6280678021999 27.3539525523999,-97.6269982434999 27.3552191665,-97.6248591259 27.3538470005999,-97.6226011684999 27.3531081349,-97.6274736028999 27.3514192807,-97.624740286 27.3490970641,-97.6240272468999 27.3465636813999,-97.6223634888 27.345613648,-97.6222446488999 27.3440302407999,-97.6243837664 27.3412856146999,-97.6264040440999 27.3413911785,-97.6252156455 27.3391743177,-97.6259286847 27.3367462763,-97.6260475244999 27.3357961586999,-97.623908407 27.333895899,-97.6182040934999 27.3312565953999,-97.6145200577999 27.3294618331,-97.6164214955999 27.3279837717,-97.6152330968999 27.3267168462,-97.6123809401999 27.3311510218999,-97.6111925416 27.3305175791,-97.6146388976 27.3238662109999,-97.6153519367999 27.3203820019,-97.6134504989999 27.3182703067,-97.6090534239999 27.3160529835,-97.6071519861999 27.3193261593,-97.6062012672999 27.3194317439999,-97.6063201072 27.3157362194,-97.6066766266999 27.3132020741999,-97.602992591 27.3143635646,-97.5990708755 27.3159473955,-97.5982389963999 27.3176367903,-97.5949114801999 27.3140467957,-97.5888506472 27.3132020741999,-97.5881376079999 27.314469154,-97.5895636863999 27.3183758923999,-97.5893260066 27.3203820019,-97.5858796506 27.3209099193999,-97.5826709743 27.3195373285999,-97.5780362195999 27.3232327266,-97.5810072162 27.3274558877999,-97.5829086539999 27.3274558877999,-97.5844535722 27.3292506826,-97.5824332945 27.3305175791,-97.5819579350999 27.3323123244,-97.5783927391999 27.3341070405999,-97.5783927391999 27.3319956067,-97.5776797 27.3304120049999,-97.5755405823999 27.3299897073,-97.5723319061 27.3308343009999,-97.5686478702999 27.3317844611,-97.5674594717 27.3327346131,-97.5688855501 27.3342126112,-97.5695985891999 27.3367462763,-97.5686478702999 27.3390687517,-97.5675783115 27.3365351397,-97.5661522332 27.3356905895,-97.5644884751 27.3323123244,-97.5631812366 27.3297785578999,-97.5648449946999 27.328511653,-97.5663899128999 27.3283005008,-97.5674594717 27.3259777996999,-97.5695985891999 27.3230215642999,-97.5693609095 27.3217545822,-97.5663899128999 27.3225992385999,-97.5663899128999 27.3209099193999,-97.5686478702999 27.3184814779999,-97.5684101906 27.3173200306999,-97.5504653712 27.328511653,-97.5362045874999 27.3392798835,-97.5315698328 27.3408633584999,-97.5309756335 27.3435024334,-97.5272915977 27.3482526097,-97.5120878978 27.3621623639,-97.5021053491999 27.3707110940999,-97.4971140748999 27.3824249480999,-97.4896271635 27.3944541018,-97.4764359386 27.3966698557999,-97.4735837819 27.4036333648999,-97.4789315758 27.4086974597,-97.485705448 27.4055324276999,-97.4942619181999 27.4086974597,-97.4996097120999 27.4121788902,-97.50139231 27.4238883513,-97.5049575058999 27.4264199634,-97.5046009863 27.4207237544999,-97.5106618193999 27.4207237544999,-97.5135139761 27.4178755398,-97.5181487307999 27.4172425932999,-97.5195748091999 27.4128118657999,-97.5256356422 27.4086974597,-97.5288443185999 27.411862401,-97.5338355928 27.4077479596,-97.5320529948999 27.4017342695999,-97.5420355434 27.4080644605,-97.5473833373 27.4058489349,-97.5484528961 27.4109129281,-97.5391833867 27.4137613223,-97.5324095145 27.4229389818,-97.5270617206 27.4286350763999,-97.5167226524999 27.4267364108,-97.511018339 27.4311665797,-97.4942619181999 27.4302172728,-97.4903402026999 27.4371786674,-97.4967575552999 27.4416084170999,-97.4960445162 27.4545802327,-97.4988966729 27.4526820134999,-97.5042444668 27.4542638651,-97.5063835842999 27.4514165159,-97.5177922112 27.4599583428999,-97.5181487307999 27.4631218146,-97.5081661823 27.4567947803999,-97.5017488296 27.4577438586999,-97.5003227513 27.4618564368,-97.4946184378 27.4697648096999,-97.4928358397999 27.4647035164,-97.4956879965999 27.4602746941999,-97.4914097614999 27.4577438586999,-97.4874880459999 27.4599583428999,-97.485705448 27.4542638651,-97.4878445656 27.4507837616,-97.4732272623 27.4498346234999,-97.4750098603 27.4469871599,-97.4864184871999 27.4460379890999,-97.4849924087999 27.4412920123,-97.4803576541 27.4409756065999,-97.4782185365999 27.4371786674,-97.4817837325 27.4346473019999,-97.4810706932999 27.4273693029999,-97.4732272623 27.4254706157,-97.4728707426999 27.4207237544999,-97.4821402520999 27.4226225234,-97.4824967716999 27.4175590669999,-97.4721577035 27.4131283522,-97.4696620664 27.4077479596,-97.4671664292 27.4052159195,-97.4689490271999 27.4020507876999,-97.4689490271999 27.3985690381,-97.4735837819 27.3912886618999,-97.4871315264 27.3859072061,-97.4860619675999 27.3795757464,-97.476079419 27.3697612678,-97.4814272129 27.3703944861999,-97.4849924087999 27.3665951212,-97.4839228499999 27.3615290983999,-97.4882010851 27.3523463412,-97.4842793696 27.3488630272,-97.4796446148999 27.3501296994999,-97.4846358892 27.3450629234,-97.4828532913 27.3403126103,-97.4847025475999 27.3379211105,-97.4853442829 27.3345640273999,-97.4866277534 27.3324103733999,-97.4793634528 27.329945829,-97.4737914794 27.3306147479999,-97.4701772263999 27.3348957337,-97.4689724753999 27.3354308452999,-97.4692736630999 27.3398454173999,-97.4659605978999 27.3409155902,-97.4624969386999 27.3406480479999,-97.460991 27.3374374907999,-97.4647558469 27.336768613,-97.4664123794999 27.3330228228,-97.4635510959 27.3307485312999,-97.4599368429 27.3314174454,-97.4573767469999 27.3319525737999,-97.4582803101999 27.329410691,-97.4596356551 27.3276714743999,-97.4570755592 27.3249957033,-97.4573767469999 27.3237915853,-97.4596356551 27.3248619131,-97.4621957509999 27.3276714743999,-97.4644546590999 27.3276714743999,-97.4653582223999 27.329276906,-97.4670147549999 27.3318187919,-97.4697254448 27.332220137,-97.471833759 27.3307485312999,-97.4730385099999 27.3287417646999,-97.471833759 27.3261998083) 0 (-97.4787610773 27.3284741931,-97.4814717671 27.3287417646999,-97.4840318628999 27.329143121,-97.4862907711 27.3287417646999,-97.4894532424 27.329410691,-97.4890014607999 27.3311498803,-97.4896038363 27.3338255028,-97.4908085872999 27.3350295119,-97.4929169015999 27.3328890423,-97.4944228403 27.3323539183999,-97.4965311546 27.3283404071,-97.4966817484999 27.3260660195,-97.497284124 27.3253970731,-97.4993924382 27.3248619131,-97.502103128 27.3251294933999,-97.5042114422 27.3245943320999,-97.5005971891999 27.319777764,-97.4996936259999 27.3171018025,-97.4975853117 27.3183059931999,-97.4965311546 27.3179045977,-97.4971335301 27.3160313998,-97.4980370932999 27.313622956,-97.4971335301 27.3108130387999,-97.4954769975 27.3096087668,-97.4981876872 27.3084044816999,-97.5002960015 27.3065311233,-97.4999948136999 27.3037210266,-97.502103128 27.3034533946,-97.5054161932 27.3051929909,-97.5079762891 27.3062634981,-97.5090304463 27.3062634981,-97.5109881666 27.3043901037,-97.5146024195999 27.3043901037,-97.5173131094 27.3045239186,-97.5173131094 27.3025166776,-97.5209273624 27.3007770393,-97.5248428032 27.2975653278,-97.6325647867 27.304350238,-97.6332065219999 27.3034632028,-97.5293606193999 27.2908739637999,-97.5322219030999 27.2880634706999,-97.5417093172 27.2867251155999,-97.5424622865999 27.2890003095999)  (-97.5465283212 27.2922122688999,-97.5462271334999 27.2892679765,-97.5457753519 27.2857882574999,-97.5379444703 27.2804346309,-97.5392998151999 27.2833791575,-97.5346314051 27.2807023183,-97.5331254663 27.2821745878,-97.5299629949 27.2801669428,-97.5258969603 27.2792300292999,-97.5195720174999 27.2792300292999,-97.512945887 27.278293108,-97.5097834155999 27.2753484465999,-97.5064703503999 27.2746791944999,-97.5052655994 27.2777577208,-97.5027055034999 27.2808361618,-97.4954769975 27.2860559320999,-97.4882484914 27.2924799279999,-97.4835800813 27.2967623854999,-97.4746950427 27.3014461341999,-97.4578285286 27.3100101922,-97.4522565551999 27.3122849089999,-97.446354188 27.3133854199999,-97.4444527502 27.3135966006999,-97.4424087044999 27.3135966006999,-97.4396040837 27.3131320028,-97.4380829334999 27.3129208211999,-97.4365142472999 27.3129630576,-97.4360864238 27.3133431838999,-97.4331867310999 27.3134276561999,-97.4298116789999 27.3147792048,-97.4276250255 27.3153282666,-97.4257711236 27.3156661495,-97.4213502805999 27.3179890665999,-97.4188784115 27.3188759857,-97.4110840988 27.3231362803))","Baffin Bay"
"Menidia beryllina","eatenBy","Sciaenops ocellatus",27.850581,-97.063523,,"Miles 1949",-671216400000,1589907,1589879,,,"Literature","Literature",,,,,,,,,,,"POLYGON((((-97.0635233496 27.8708788474999,-97.0631415244999 27.8708752559,-97.0627598346 27.8708644825999,-97.0623784148999 27.8708465312,-97.0619974003 27.8708214082999,-97.0578713455 27.8700760752999,-97.0612371258 27.8707496855,-97.0608581349 27.870703111,-97.0604800872 27.8706494157,-97.0601031164 27.8705886185,-97.0597273559999 27.8705207409,-97.0593529389 27.8704458069999,-97.0589799976 27.8703638432,-97.0586086641 27.8702748786,-97.0582390697999 27.8701789445999,-97.0578713455 27.8700760752999,-97.0575056212999 27.8699663069,-97.0571420266 27.8698496784,-97.0567806902 27.8697262311,-97.0564217399 27.8695960085,-97.0560653026 27.8694590568,-97.0557115045999 27.8693154245,-97.0553604711 27.8691651624,-97.0550123262 27.8690083235999,-97.0546671932 27.8688449636999,-97.0543251941 27.8686751404,-97.0539864500999 27.8684989139,-97.0536510809999 27.8683163466,-97.0533192055 27.8681275028999,-97.0529909411 27.8679324499,-97.0526664038 27.8677312563999,-97.0523457084999 27.8675239937,-97.0520289688 27.8673107352,-97.0517162966999 27.8670915561999,-97.0514078028 27.8668665344,-97.0511035963999 27.8666357494,-97.0508037849999 27.8663992829,-97.0505084748999 27.8661572185,-97.0502177703999 27.8659096419,-97.0499317744999 27.8656566406999,-97.0496505882999 27.8653983045,-97.0493743114 27.8651347246,-97.0491030415 27.8648659943999,-97.0488368747 27.8645922089,-97.0485759050999 27.8643134649999,-97.0483202250999 27.8640298613999,-97.0480699250999 27.8637414985,-97.0478250938 27.8634484781999,-97.0475858177999 27.8631509042999,-97.0473521817 27.862848882,-97.0471242681999 27.8625425183,-97.0469021579999 27.8622319215999,-97.0466859296 27.8619172016999,-97.0464756596999 27.8615984702,-97.0462714226 27.8612758396,-97.0460732906 27.8609494242999,-97.0458813336999 27.8606193397,-97.04569562 27.8602857025999,-97.0455162151999 27.8599486312,-97.0453431826999 27.8596082446,-97.0451765836999 27.8592646634,-97.0450164772999 27.8589180091,-97.04486292 27.8585684044,-97.0447159663 27.858215973,-97.0445756680999 27.8578608396999,-97.044442075 27.8575031301,-97.0443152345 27.8571429707999,-97.0478250938 27.8634484781999,-97.0475858177999 27.8631509042999,-97.0473521817 27.862848882,-97.0471242681999 27.8625425183,-97.0469021579999 27.8622319215999,-97.0466859296 27.8619172016999,-97.0464756596999 27.8615984702,-97.0462714226 27.8612758396,-97.0460732906 27.8609494242999,-97.0458813336999 27.8606193397,-97.04569562 27.8602857025999,-97.0455162151999 27.8599486312,-97.0453431826999 27.8596082446,-97.0451765836999 27.8592646634,-97.0450164772999 27.8589180091,-97.04486292 27.8585684044,-97.0447159663 27.858215973,-97.0445756680999 27.8578608396999,-97.044442075 27.8575031301,-97.0443152345 27.8571429707999,-97.0441951912 27.8567804891999,-97.0440819877999 27.8564158137,-97.0439756643 27.8560490732,-97.0438762582 27.8556803976,-97.0437838048 27.8553099173,-97.0436983368999 27.8549377633999,-97.0436198845 27.8545640677,-97.0435484756 27.8541889623,-97.0434841354 27.8538125801,-97.0434268866 27.8534350541,-97.0433767494999 27.8530565181,-97.0433337417999 27.8526771059,-97.0432978788 27.8522969518,-97.0432691732 27.8519161904,-97.0432476351 27.8515349563999,-97.0432332720999 27.8511533847,-97.0432260893 27.8507716103,-97.0432260893 27.8503897683999,-97.0432332720999 27.8500079939999,-97.0432476351 27.8496264222999,-97.0432691732 27.8492451882,-97.0432978788 27.8488644267999,-97.0433337417999 27.8484842728,-97.0433767494999 27.8481048605999,-97.0434268866 27.8477263245,-97.0434841354 27.8473487985999,-97.0435484756 27.8469724163,-97.0436198845 27.846597311,-97.0436983368999 27.8462236152,-97.0437838048 27.8458514613999,-97.0438762582 27.8454809811,-97.0439756643 27.8451123054999,-97.0440819877999 27.844745565,-97.0441951912 27.8443808894999,-97.0443152345 27.8440184078999,-97.044442075 27.8436582486,-97.0445756680999 27.8433005388999,-97.0447159663 27.8429454055999,-97.04486292 27.8425929741999,-97.0450164772999 27.8422433695999,-97.0451765836999 27.8418967152999,-97.0453431826999 27.841553134,-97.0455162151999 27.8412127474999,-97.04569562 27.840875676,-97.0458813336999 27.8405420389999,-97.0460732906 27.8402119544,-97.0462714226 27.839885539,-97.0464756596999 27.8395629085,-97.0466859296 27.8392441768999,-97.0469021579999 27.8389294571,-97.0471242681999 27.8386188602999,-97.0473521817 27.8383124966,-97.0475858177999 27.8380104744,-97.0478250938 27.8377129005,-97.0480699250999 27.8374198801999,-97.0483202250999 27.8371315172,-97.0485759050999 27.8368479136,-97.0488368747 27.8365691698,-97.0491030415 27.8362953843,-97.0493743114 27.8360266540999,-97.0496505882999 27.8357630741999,-97.0499317744999 27.835504738,-97.0502177703999 27.8352517368,-97.0505084748999 27.8350041602,-97.0508037849999 27.8347620957999,-97.0511035963999 27.8345256292,-97.0514078028 27.8342948441999,-97.0517162966999 27.8340698224,-97.0520289688 27.8338506435,-97.0523457084999 27.8336373849,-97.0526664038 27.8334301221999,-97.0529909411 27.8332289288,-97.0533192055 27.8330338757,-97.0536510809999 27.8328450321,-97.0539864500999 27.8326624647,-97.0543251941 27.8324862382,-97.0546671932 27.832316415,-97.0550123262 27.8321530551,-97.0553604711 27.8319962162999,-97.0557115045999 27.8318459541,-97.0560653026 27.8317023218,-97.0564217399 27.8315653701,-97.0567806902 27.8314351476,-97.0571420266 27.8313117002,-97.0575056212999 27.8311950717,-97.0578713455 27.8310853033999,-97.0582390697999 27.8309824339999,-97.0586086641 27.8308865001,-97.0589799976 27.8307975355,-97.0593529389 27.8307155717,-97.0597273559999 27.8306406377999,-97.0601031164 27.8305727601999,-97.0604800872 27.8305119629999,-97.0608581349 27.8304582676,-97.0612371258 27.8304116931999,-97.0616169256999 27.8303722560999,-97.0619974003 27.8303399704,-97.0623784148999 27.8303148474,-97.0627598346 27.8302968960999,-97.0631415244999 27.8302861226999,-97.0635233496 27.8302825312,-97.0639051745999 27.8302861226999,-97.0642868646 27.8302968960999,-97.0646682842999 27.8303148474,-97.0650492989 27.8303399704,-97.0654297733999 27.8303722560999,-97.0658095734 27.8304116931999,-97.0661885643 27.8304582676,-97.066566612 27.8305119629999,-97.0669435827999 27.8305727601999,-97.0673193431999 27.8306406377999,-97.0676937603 27.8307155717,-97.0680667016 27.8307975355,-97.0684380351 27.8308865001,-97.0688076293999 27.8309824339999,-97.0691753537 27.8310853033999,-97.0695410778999 27.8311950717,-97.0699046725 27.8313117002,-97.0702660089999 27.8314351476,-97.0706249593 27.8315653701,-97.0709813965 27.8317023218,-97.0713351944999 27.8318459541,-97.0716862281 27.8319962162999,-97.0720343729999 27.8321530551,-97.072379506 27.832316415,-97.072721505 27.8324862382,-97.0730602489999 27.8326624647,-97.0733956180999 27.8328450321,-97.0737274936 27.8330338757,-97.0740557581 27.8332289288,-97.0743802954 27.8334301221999,-97.0747009906999 27.8336373849,-97.0750177304 27.8338506435,-97.0753304025 27.8340698224,-97.0756388963999 27.8342948441999,-97.0759431027999 27.8345256292,-97.0762429141 27.8347620957999,-97.0765382242999 27.8350041602,-97.0768289287999 27.8352517368,-97.0771149246999 27.835504738,-97.0773961108999 27.8357630741999,-97.0776723878 27.8360266540999,-97.0779436576 27.8362953843,-97.0782098244 27.8365691698,-97.0784707939999 27.8368479136,-97.0787264740999 27.8371315172,-97.0789767739999 27.8374198801999,-97.0792216053999 27.8377129005,-97.0794608813999 27.8380104744,-97.0796945175 27.8383124966,-97.079922431 27.8386188602999,-97.0801445411999 27.8389294571,-97.0803607695 27.8392441768999,-97.0805710393999 27.8395629085,-97.0807752765999 27.839885539,-97.0809734086 27.8402119544,-97.0811653653999 27.8405420389999,-97.0813510791 27.840875676,-97.0815304839999 27.8412127474999,-97.0817035164999 27.841553134,-97.0818701154999 27.8418967152999,-97.0820302218999 27.8422433695999,-97.0821837791999 27.8425929741999,-97.0823307329 27.8429454055999,-97.0824710310999 27.8433005388999,-97.0826046241 27.8436582486,-97.0827314647 27.8440184078999,-97.0828515079 27.8443808894999,-97.0829647113999 27.844745565,-97.0830710349 27.8451123054999,-97.0831704409999 27.8454809811,-97.0832628943 27.8458514613999,-97.0833483623 27.8462236152,-97.0834268146 27.846597311,-97.0834982235 27.8469724163,-97.0835625638 27.8473487985999,-97.0836198126 27.8477263245,-97.0836699496999 27.8481048605999,-97.0837129572999 27.8484842728,-97.0837488203 27.8488644267999,-97.083777526 27.8492451882,-97.0837990641 27.8496264222999,-97.0838134270999 27.8500079939999,-97.0838206098 27.8503897683999,-97.0838206098 27.8507716103,-97.0838134270999 27.8511533847,-97.0837990641 27.8515349563999,-97.083777526 27.8519161904,-97.0837488203 27.8522969518,-97.0837129572999 27.8526771059,-97.0836699496999 27.8530565181,-97.0836198126 27.8534350541,-97.0835625638 27.8538125801,-97.0834982235 27.8541889623,-97.0834268146 27.8545640677,-97.0833483623 27.8549377633999,-97.0832628943 27.8553099173,-97.0831704409999 27.8556803976,-97.0830710349 27.8560490732,-97.0829647113999 27.8564158137,-97.0828515079 27.8567804891999,-97.0827314647 27.8571429707999,-97.0826046241 27.8575031301,-97.0824710310999 27.8578608396999,-97.0823307329 27.858215973,-97.0821837791999 27.8585684044,-97.0820302218999 27.8589180091,-97.0818701154999 27.8592646634,-97.0817035164999 27.8596082446,-97.0815304839999 27.8599486312,-97.0813510791 27.8602857025999,-97.0811653653999 27.8606193397,-97.0809734086 27.8609494242999,-97.0807752765999 27.8612758396,-97.0805710393999 27.8615984702,-97.0803607695 27.8619172016999,-97.0801445411999 27.8622319215999,-97.079922431 27.8625425183,-97.0796945175 27.862848882,-97.0794608813999 27.8631509042999,-97.0792216053999 27.8634484781999,-97.0789767739999 27.8637414985,-97.0787264740999 27.8640298613999,-97.0784707939999 27.8643134649999,-97.0782098244 27.8645922089,-97.0779436576 27.8648659943999,-97.0776723878 27.8651347246,-97.0773961108999 27.8653983045,-97.0771149246999 27.8656566406999,-97.0768289287999 27.8659096419,-97.0765382242999 27.8661572185,-97.0762429141 27.8663992829,-97.0759431027999 27.8666357494,-97.0756388963999 27.8668665344,-97.0753304025 27.8670915561999,-97.0750177304 27.8673107352,-97.0747009906999 27.8675239937,-97.0743802954 27.8677312563999,-97.0740557581 27.8679324499,-97.0737274936 27.8681275028999,-97.0733956180999 27.8683163466,-97.0730602489999 27.8684989139,-97.072721505 27.8686751404,-97.072379506 27.8688449636999,-97.0720343729999 27.8690083235999,-97.0716862281 27.8691651624,-97.0713351944999 27.8693154245,-97.0709813965 27.8694590568,-97.0706249593 27.8695960085,-97.0702660089999 27.8697262311,-97.0699046725 27.8698496784,-97.0695410778999 27.8699663069,-97.0691753537 27.8700760752999,-97.0688076293999 27.8701789445999,-97.0684380351 27.8702748786,-97.0680667016 27.8703638432,-97.0676937603 27.8704458069999,-97.0673193431999 27.8705207409,-97.0669435827999 27.8705886185,-97.066566612 27.8706494157,-97.0661885643 27.870703111,-97.0658095734 27.8707496855,-97.0654297733999 27.8707891225,-97.0650492989 27.8708214082999,-97.0646682842999 27.8708465312,-97.0642868646 27.8708644825999,-97.0639051745999 27.8708752559,-97.0635233496 27.8708788474999))","Lydia Ann Channel at Port Aransas"
"Menidia beryllina","eatenBy","Sciaenops ocellatus",28.125884,-97.116762,,"Miles 1949",-671216400000,1589555,1589527,,,"Literature","Literature",,,,,,,,,,,"POLYGON((((-97.0093190022 28.1348662103999,-97.0269073019999 28.1102988013999,-97.0307854567 28.1139656596,-97.0316411036999 28.1145107128,-97.0329245741999 28.1147622748999,-97.0351587636999 28.1170263071,-97.035729195 28.1171940113,-97.0367749857999 28.1171520852999,-97.0376306328 28.1171940113,-97.0385813517 28.1174455670999,-97.0400549661 28.1183679331999,-97.0416236523 28.1186614117,-97.0437627697999 28.1182840821,-97.0450462402999 28.1179906025999,-97.0476607173 28.1184517842999,-97.0494670833 28.1185356352999,-97.05056041 28.1184098588,-97.0517488086999 28.1187033371999,-97.0529372073 28.1185356352999,-97.0535551746 28.1179486768999,-97.0536027105 28.1170682332,-97.0527945995 28.1166489716999,-97.0519389523999 28.1165651192,-97.0486114362 28.1160620029,-97.0477557891999 28.1161877822,-97.04704275 28.11597815,-97.0469001422 28.1153073241,-97.0476607173 28.1142591501999,-97.0468526063 28.111114567,-97.0468050702999 28.1094374181999,-97.0472328938 28.1081376099,-97.0471853579 28.1010932135999,-97.0477557891999 28.1001287662,-97.0478983970999 28.0994578411,-97.0489441879 28.0988288451,-97.0504653380999 28.0984514457,-97.0518438805 28.096312824,-97.0532699589 28.0945935091,-97.0542206778 28.0932096501999,-97.0544583574999 28.0926644888,-97.0556467562 28.0919935171,-97.0563597953999 28.0917419015999,-97.0584513769999 28.0903160694,-97.0607331023999 28.0880095361,-97.0613986056 28.0882611603999,-97.0623968605 28.0873385352999,-97.0645835139 28.0863320262999,-97.0666750955 28.0860384592999,-97.0690994288 28.0853255078,-97.0753799175 28.0846653243,-97.0772052978 28.0834071552,-97.0778898153999 28.0822496265999,-97.0786313761999 28.0818973328,-97.0811983172 28.0806894595,-97.0838223014 28.0800351892,-97.086617415 28.0792299278999,-97.0898688736999 28.0794815727,-97.0932914618 28.0791795989,-97.0951738851999 28.0787769657999,-97.1003648104999 28.0779213655,-97.1029887946999 28.0764114659,-97.1051564338 28.0734922665999,-97.1080085905 28.0710763175,-97.1121727392999 28.0686603141,-97.1125720412999 28.0640294891,-97.1137699470999 28.0628214149,-97.113313602 28.0620160245999,-97.1153671548999 28.0597004938999,-97.1212425977 28.0556230249999,-97.1268185641999 28.0525711145999,-97.1287437698999 28.050997931,-97.130455064 28.0504001153,-97.1321307061 28.0498966888999,-97.1333072207 28.0491730092999,-97.1334854804999 28.0487325062999,-97.1345550392999 28.0479773540999,-97.1354106863 28.0472851265999,-97.1533792736999 28.0502427947999,-97.1550192638 28.050305723,-97.1600818419999 28.0509035392999,-97.1608305331999 28.0510293948999,-97.1622922635 28.0512811058,-97.1631479105 28.0516272071999,-97.1637183418999 28.0525081876999,-97.1648948564999 28.0523508703,-97.1664635427 28.0522564796999,-97.1674261456 28.0528228218,-97.168067995 28.0537252982,-97.1687097302 28.0549838149,-97.1691732057 28.0554242923,-97.1700645046999 28.0553613671,-97.1710627595 28.0555816052,-97.1723462301 28.0561479298,-97.1738436124 28.0570288732,-97.1769453328 28.0585075834999,-97.1798331414999 28.0590109695,-97.1825070384 28.0599548120999,-97.1853948471 28.0613390995,-97.1878904842999 28.0624087638999,-97.1901009057 28.0628177504,-97.1918478517 28.0639188602999,-97.1931313222 28.064327841,-97.1957339152999 28.0666243965,-97.1969104299 28.0665614778,-97.1996556307999 28.0678198443,-97.202079964 28.0689209029,-97.2041121256999 28.0708713217999,-97.2113138213999 28.0724442144999,-97.2117059929999 28.0730104502,-97.2148077134 28.0734193963999,-97.2184085612999 28.0725071297,-97.2188007328 28.07209818,-97.2193711641999 28.0719094335,-97.2224015806999 28.0769425603999,-97.2209041984 28.0776345969,-97.2204407229999 28.0785468201,-97.2189433406999 28.0821956351,-97.2172320466 28.0860015945,-97.2149146693 28.0880775155999,-97.2140590223 28.0887065746,-97.2137025027 28.0898388716,-97.2115633851 28.0926381101,-97.2108503458999 28.0931413363,-97.2098520911 28.0943050377,-97.2084260127 28.0956574317,-97.2074634097999 28.0960033902,-97.206393851 28.0971985109999,-97.2054669001 28.0982992684,-97.2041477775999 28.0996201622999,-97.2027216993 28.1003120526,-97.2013669247999 28.1020732078999,-97.1999051945 28.1026707362,-97.1981225964999 28.1042746114,-97.1976947729999 28.1047463348,-97.1972312974999 28.1051866080999,-97.1950565279999 28.1056897755,-97.1930956702999 28.1072621580999,-97.1915269840999 28.1085200475999,-97.1903861213999 28.1096835823,-97.1897443861 28.109715029,-97.1882826557999 28.1113187989,-97.1871774451 28.111696153,-97.1864644058999 28.1122936277,-97.1859652785 28.1128910989999,-97.1845035480999 28.1133313389,-97.1838261608999 28.1140545862,-97.1827209501999 28.1151551707,-97.1805105286999 28.1160670748999,-97.1803322689 28.1167274146,-97.1756618623 28.119463064,-97.1742001318999 28.1201233827,-97.1724531858999 28.1209094710999,-97.1703853723 28.1225445165,-97.1658575735 28.1260975098999,-97.1651445342999 28.1261918356,-97.1633262844 28.1270407626999,-97.1623636814999 28.1277324761999,-97.1620071618999 28.1283298614999,-97.1614010785999 28.1290215665999,-97.1609376030999 28.1298075897999,-97.160224564 28.1303106416,-97.1591906570999 28.1314110591,-97.1592619611 28.1318197828,-97.1587628335999 28.132259945,-97.1582637062 28.1327001053,-97.1570515396 28.1332974629,-97.1557680691 28.1349323194,-97.1536646035 28.1367557837,-97.1522741770999 28.1379504503,-97.1517750496 28.1386420934,-97.1520602652999 28.1392394179,-97.1471759469 28.1413143085999,-97.1451794371999 28.1409684963,-97.1416855452 28.1419116182,-97.1408298981999 28.1423517389,-97.1387977364999 28.1431376642999,-97.1375499179 28.1435149064,-97.136658619 28.1436092167,-97.1351255847 28.1438921471999,-97.1326299475999 28.1445208789,-97.1284230164 28.1458412035,-97.1273178057 28.1464070518999,-97.1258917273 28.1476016109,-97.1242517371999 28.1486704156,-97.1221482715999 28.1504307766,-97.1197952423 28.1519710686,-97.1190108992 28.1520653715,-97.1186900315999 28.1523797137999,-97.1180126442999 28.1531341316,-97.1149109238999 28.1548001188,-97.1140552769 28.1557431188999,-97.1049640272999 28.1607723125999,-97.1025396941 28.1618724172,-97.1021118705999 28.1625639057,-97.100864052 28.1629096483,-97.0995449294999 28.1635696993,-97.0976553757 28.1644811914999,-97.0960153854999 28.1649212194,-97.0946962631 28.1651726632,-97.0934840964 28.1664298729999,-97.0923432337999 28.1670899022,-97.0904893319 28.1677813569999,-97.0892415132999 28.1683470894999,-97.0863893565999 28.1688813895999,-97.0851058859999 28.1692271118,-97.0847137144999 28.1696985493,-97.0795085285 28.1724328461,-97.0777972343999 28.1729671258,-97.0759076805999 28.1738471100999,-97.0727703082 28.1747585148,-97.0724850925 28.1753242103,-97.0710233621999 28.1755442022,-97.0697755436 28.1759841846999,-97.0680285976 28.177052706,-97.0667094750999 28.177524109,-97.0652120927999 28.1778069498999,-97.0639642743 28.1781212166,-97.0623955881 28.1788754529,-97.0614686371 28.1793154217,-97.0600782106999 28.1797239624999,-97.0585095244999 28.1800382236,-97.0572260539999 28.1807924464,-97.055443456 28.1814838127,-97.0487408877 28.1833693343,-97.0466374221 28.1839349842999,-97.0454609075 28.1843120827,-97.0438209173999 28.1849720015,-97.0416817998 28.1855376431,-97.0396852900999 28.1860404329999,-97.0381166038999 28.1865117965,-97.0363696578999 28.1873602454,-97.0356566187 28.1878630267999,-97.0328757659 28.1876430601999,-97.0319131629999 28.1880829929,-97.0313783836 28.1890885464999,-97.0306296925 28.1891828167,-97.02931057 28.189622743,-97.0286688346999 28.1904083213,-97.0280270994999 28.190722551,-97.0269931926 28.1914452757,-97.026672325 28.1917909249999,-97.0263871093 28.1926707544,-97.0258879818999 28.1937076869,-97.0255314622999 28.1941475946,-97.0241410359 28.1952473559999,-97.0235706045999 28.1959386288,-97.0226793055999 28.1965042122999,-97.0221445261999 28.1975096866999,-97.021431487 28.1982637863,-97.0212888792 28.1991121418999,-97.0209323595999 28.1999290707,-97.0202549723999 28.2006831532,-97.0193636733999 28.2008088331,-97.0185793303 28.2014058106,-97.0187219381 28.2020027848,-97.0193280214 28.2025054972999,-97.0202193204 28.2025054972999,-97.0214671389999 28.2023483999,-97.0228219133999 28.2020342044,-97.0233210409 28.2015314896,-97.0243549477 28.2013429709999,-97.0268862367999 28.2013743908,-97.0280270994999 28.2012172917,-97.02931057 28.200871673,-97.0308792561999 28.2003061126,-97.0321983787 28.199614868,-97.0341592364 28.19898646,-97.0353000990999 28.1991435624,-97.0361913981 28.1995206070999,-97.0369400892 28.1997405492,-97.0373679127999 28.2007774130999,-97.0370470450999 28.2013429709999,-97.0364409617999 28.2019085258999,-97.0354070549999 28.2023169803999,-97.0340522805999 28.2026940139,-97.0321983787 28.2031024652999,-97.031877511 28.2035423344,-97.0313070796999 28.2037936872999,-97.0306653444 28.2040764585999,-97.0295601337 28.2044849048,-97.0287757905999 28.2049561868999,-97.0271714523999 28.2055531411999,-97.0261018937 28.2060244185999,-97.0256027661999 28.206307184,-97.0232497368999 28.2054588855,-97.0227506094999 28.2051446991,-97.0220019183999 28.2039193634999,-97.0215740949 28.2033224000999,-97.0125541492 28.2030396267,-97.0114132865 28.2030396267,-97.0097019924999 28.2030396267,-97.0085611298 28.2023169803999,-97.0084185218999 28.2016885882,-97.0082759140999 28.2005888931999,-97.0090602572 28.1997091289,-97.0102011199 28.1991749827999,-97.0115202423999 28.1985151515999,-97.010941603 28.1978985882999,-97.0091352370999 28.1975215378999,-97.0081845181999 28.1960971132,-97.007471479 28.1948402521,-97.0072813352 28.1932063106,-97.0070911913999 28.1916980347,-97.0070436554999 28.1903154297999,-97.0076140868 28.1893517855,-97.0085172697999 28.1884300307,-97.0089926291999 28.1869216874,-97.01003842 28.1855390208,-97.0111317468 28.1847429317999,-97.0137462237999 28.1839887369,-97.0165033085999 28.1836954374,-97.0174540274999 28.1833183369,-97.0173589556 28.178751125,-97.0186899620999 28.1770750351,-97.0186899620999 28.1762788831,-97.0176441713 28.1743513328999,-97.0176441713 28.1730104078,-97.0177867791 28.1682332258,-97.0184998183 28.1657188339,-97.0184047463999 28.1652159484,-97.0184998183 28.1642101702999,-97.0192603935 28.1632462908,-97.0190227136999 28.1622824025999,-97.0180244589 28.1622824025999,-97.0169786680999 28.1619890435999,-97.0163131647999 28.1613604144,-97.0153624458999 28.1601869634999,-97.0145543348999 28.1596840519999,-97.0145543348999 28.1590134996999,-97.0148395505 28.1586782219999,-97.014459263 28.1580914834,-97.0151723020999 28.1556606750999,-97.0158378053999 28.1536908417,-97.0165983805 28.1526430432,-97.0175490994 28.1519724467999,-97.0186424262 28.1510503698,-97.0213044391 28.1500444586999,-97.0220650141999 28.1508827185999,-97.0227780534 28.1515952343999,-97.0242041318 28.1519305343,-97.0262957134 28.1511761081,-97.0272464323 28.1506731542,-97.0276742557999 28.1500863718,-97.0238238441999 28.1490385379999,-97.0229206613 28.1482421774999,-97.0223977658999 28.1474877252,-97.0200209685999 28.1449309308,-97.0193079294 28.144260286,-97.0095155246 28.1393560689,-97.0090877011 28.138601554,-97.009182773 28.1373020993,-97.0098007402999 28.1361703032999,-97.0103236357 28.1352061714,-97.0093190022 28.1348662103999))","Copano Bay"
"Menidia beryllina","eatenBy","Sciaenops ocellatus",28.190792,-96.94238,,"Miles 1949",-671216400000,1589643,1589615,,,"Literature","Literature",,,,,,,,,,,"POLYGON((((-96.9183736077 28.267763804,-96.9180883921 28.2687058073,-96.9159492744999 28.2695222034,-96.9140953726 28.2686430073,-96.9123127746999 28.2673241996,-96.9120988628999 28.2643097208,-96.913810157 28.261923198,-96.9140240687 28.2611067437,-96.9150936274999 28.2596622322999,-96.9160918822999 28.2577780575,-96.9175179606999 28.2567731506999,-96.9193718626 28.2564591153999,-96.9216535879999 28.2549517329999,-96.9212257644999 28.2533187113999,-96.9202988134999 28.2523765721,-96.9199422938999 28.2498013489999,-96.9221527154 28.2472888763,-96.9249335682 28.2442110165,-96.9266448622999 28.2423265687,-96.9265022544 28.2396882859,-96.9273579014 28.2388716614,-96.9275718132 28.2376781219,-96.9273579014 28.2362961121,-96.9265735583 28.2340974234,-96.9287126759 28.2347256247999,-96.9339178618999 28.2347884447,-96.9346309010999 28.2331551143,-96.9343456854 28.2316474024999,-96.9347022049999 28.2308935386999,-96.935629156 28.2284434443,-96.9361995872999 28.2271241394,-96.9389804400999 28.2247996101,-96.9407630381 28.2229776464,-96.9416186850999 28.2211556516,-96.9423317243 28.2192079675,-96.942545636 28.2177000587,-96.9416186850999 28.2159408049,-96.9392656558 28.2139301936,-96.9374830577999 28.2131133719,-96.9352013323999 28.2126735422999,-96.9337752540999 28.2113540424999,-96.9304952738 28.2101601952999,-96.9287839798 28.2073954453,-96.9287126759 28.2062015539,-96.9284274601999 28.2020542484,-96.9255039995999 28.2001062161,-96.9235787938 28.1996034923,-96.9212257644999 28.2013001756,-96.920797941 28.2009231372,-96.9225805388999 28.1992892887,-96.9239353133999 28.1980324652,-96.9252187838999 28.1965870997999,-96.9253613916999 28.1943247496,-96.9252900877999 28.1923137313999,-96.9262883427 28.1895485197,-96.9278570288999 28.1879773448,-96.9317787444 28.1864061468,-96.9327769992 28.1857148122999,-96.9352013323999 28.1845206787,-96.9357717638 28.1813153065999,-96.9366987147 28.1794297488,-96.938196097 28.1775441577,-96.9380534892 28.1766013497,-96.9364848029999 28.1759099519,-96.9342743815 28.1728928908999,-96.9357717638 28.1722014690999,-96.9361282833999 28.1722014690999,-96.9387665283999 28.1722014690999,-96.9398360871 28.1715100428,-96.9424030282 28.1709443270999,-96.9451125771 28.1696871704,-96.9467525671999 28.1686814343,-96.9493908121999 28.1697500285,-96.9520290571999 28.1683042808999,-96.948677773 28.1666070739,-96.9478934299 28.1651612837,-96.9486064691 28.1625839571999,-96.9485351651999 28.1613895652999,-96.9477508221 28.1600065686,-96.9476082142 28.1580577701999,-96.9476795181 28.1562346685,-96.9475369103 28.1552288060999,-96.9473943025 28.1524626355999,-96.9469664789999 28.1505765691999,-96.9461108319 28.1493191731999,-96.9458969201999 28.1483761165,-96.9476093265 28.1465784333,-96.9489629887 28.1451696616999,-96.9503177631 28.1440379488,-96.9521716649999 28.1399511083,-96.9528134003 28.1378133141999,-96.9536690472999 28.1363671352,-96.9546673021 28.1356754775,-96.9578046744999 28.1344807854999,-96.9588742332999 28.1341663906,-96.9607994391 28.1340406324,-96.9617976939999 28.1338519948,-96.9622255175 28.1330345615,-96.9630098605999 28.1327830423,-96.9634519449 28.1326069785,-96.9639653331 28.1325944025,-96.9645357643999 28.1323680343,-96.9648495017 28.1318021117,-96.9648352409 28.1313493715,-96.9646355898999 28.130632529,-96.9643218526999 28.1303935804,-96.9639795939 28.1301923601,-96.9635375096 28.1301797837999,-96.9628102095999 28.1301672075,-96.962325343 28.1302929703,-96.9615980429999 28.1305948002999,-96.9609277862 28.1305319191,-96.9605142233999 28.1302426652,-96.960015096 28.1304187329,-96.9598724882 28.1307960198,-96.959687098 28.1311104245,-96.9596015333 28.1312739146999,-96.9593163175999 28.1307331386999,-97.6882174949 27.3913930002999,-96.9589312764999 28.1302175127,-96.9587458862999 28.1296515786999,-96.9587458862999 28.1292239821999,-96.9586888431 28.1288341134,-96.9587886685999 28.1282807486,-96.9590311018999 28.1277022278999,-96.9593020567999 28.1269602076,-96.9593163175999 28.1264948703,-96.9588314509999 28.1259792238,-96.9581326726 28.1254887284999,-96.9576905882999 28.1251239998,-96.9574196333999 28.1248976157999,-96.9573911118 28.1245957697999,-96.9577191097999 28.1244825773,-96.9583608451 28.1243064999,-96.9591451881999 28.124256192,-96.9599152705 28.1243316537999,-96.9606568313 28.1244825773,-96.9612272626 28.1245831929,-96.9620116056999 28.1246963852,-96.96245369 28.1248473082,-96.9629385566999 28.1249353464999,-96.9632522938999 28.125098846,-96.9635375096 28.1255641895,-96.9638655076 28.1259540703,-96.9641792447999 28.1261175682,-96.9647496762 28.126130145,-96.9650776742 28.1260295308999,-96.9655054976999 28.1255390357999,-96.9653771506999 28.125098846,-96.9651218584999 28.1248971764999,-96.9787058532999 28.1254759201,-96.9792133293999 28.1257616191999,-96.9799560784999 28.1260236355,-96.9806988276999 28.1262856512,-96.9814415767999 28.126704875,-96.9838480841 28.1273599087999,-96.9843828635 28.1278315307,-96.9844719934 28.1281459442,-96.9846502532 28.1283817535999,-96.984798803 28.1287747683,-96.9844422834 28.1291153798,-96.9837589541999 28.1291415805999,-96.9831350448999 28.1292725847,-96.9823625858 28.1293511870999,-96.9818278064 28.1295607932,-96.9809067974999 28.1296131946999,-96.9795401389999 28.1297441982,-96.9791241995 28.1296131946999,-96.9779060909 28.1301896089999,-96.9770147919 28.1306088175,-96.9763908826 28.1311066254999,-96.9754995835999 28.1317092319999,-96.9752024839999 28.1321022345,-96.9748756743999 28.1325214354999,-96.9746082846999 28.1332288334999,-96.9746379946 28.1337790287,-96.9747271245 28.1343030214999,-96.9749945142 28.1347746128,-96.9758561032 28.1361107769999,-96.9764205925999 28.1372373339,-96.9768662421 28.1379708993999,-96.9771336318 28.1383900774999,-96.9773713114999 28.1388092539,-96.9761234929 28.1410099030999,-96.9753510337999 28.1422673966999,-96.9751133541 28.1428175455,-96.9750242241999 28.1432890992999)  (-96.9740735052999 28.1445465661,-96.9735684359 28.1450967032,-96.9730930764 28.1458040182,-96.9727662667999 28.1463279522,-96.9724691671 28.1471400448,-96.9722017774 28.1481617009999,-96.9723800371999 28.1487118195,-96.972617717 28.1500216141,-96.9728256867 28.1505717229999,-96.9730633663999 28.1514361742999,-96.9737169856999 28.1522744233,-96.9732713362 28.1533222254999,-96.9730633663999 28.1538199278999,-96.9727662667999 28.1546581582999,-96.9726474268999 28.155077271,-96.9726474268999 28.1555225765,-96.9725285871 28.1562298226,-96.9722611974 28.1568060936999,-96.9718155478999 28.1573299739,-96.9712807684999 28.1577490761999,-96.9707162791 28.158037208,-96.9701517897999 28.1587968247,-96.9692010708999 28.1593992755,-96.9682800619 28.1601326892,-96.9677155726 28.1606303599999,-96.9661112344 28.1612851864,-96.9659329745999 28.1622281293,-96.9660518145 28.1630139088,-96.9660518145 28.1637472978,-96.9657250048999 28.1647949876,-96.9661112344 28.165659324,-96.966467754 28.1662093525999,-96.9669431134999 28.1670212944,-96.9676561526 28.1679379955,-96.9680126722 28.1684094386999,-96.9684880317 28.1688023065,-96.9692010708999 28.1690380263999,-96.9706568592 28.1703213816,-96.9711322187 28.1708713862,-96.9718452577999 28.1711594828,-96.9722909073 28.1714999595,-96.9724988770999 28.1719975773999,-96.9726474268999 28.1725737635999,-96.9724691671 28.173254707,-96.9718749678 28.1732023269,-96.971666998 28.1727832851,-96.9705677293 28.1718142446999,-96.9700626598999 28.1713690069999,-96.9693793306999 28.1709237675,-96.9687257113999 28.1708190049999,-96.9681909319999 28.1707404329999,-96.9679532523 28.1708713862,-96.9676561526 28.1711856732999,-96.9675076027999 28.1715785309,-96.9669134035 28.1718666255,-96.9661112344 28.1721809097,-96.9658438447 28.1725999537999,-96.9653684853 28.1730189963,-96.9646554460999 28.1738046965,-96.9635858872999 28.1746689601,-96.9630511079 28.1750618049,-96.9624866185999 28.1753237006,-96.9613576399 28.1770260071999,-96.9601989511999 28.1786497205,-96.9590699725 28.1793044365999,-96.9586837429 28.179854395,-96.9576438941 28.1802210323999,-96.9568120150999 28.1806924215,-96.9555344865 28.1815042534,-96.954256958 28.1821065763,-96.9535142088 28.1826827081,-96.9526526198 28.1830493358,-96.9514345112 28.1835469,-96.9507214719999 28.1841753986999,-96.9473939558999 28.1924764733999,-96.9457301978 28.1967707827,-96.9477801854 28.1987869537999,-96.9477801854 28.199258261,-96.9576736040999 28.2080556143999,-96.9584757732 28.2083697921999,-96.9590699725 28.2087886945,-96.9598424315999 28.2093385013,-96.9601692412 28.2099144863,-96.9607931504999 28.2102548396,-96.9618627092999 28.2123492975999,-96.9633779174999 28.2136321328999,-96.9641206666999 28.2144698946,-96.9660221044999 28.2163548342999,-96.9674541249 28.2167108746999,-96.9679770202999 28.2204387560999,-96.9670263013999 28.2209413819,-96.9656952949 28.2224492449,-96.9645544322 28.2225748992,-96.9576141840999 28.2285642488,-96.9567110012 28.2292762471,-96.9530982693 28.2309096369,-96.9521950863999 28.2318310252,-96.9517197268999 28.2332968539,-96.9509591518 28.2351814611,-96.9506264001999 28.2360609330999,-96.9505313283 28.2379873703,-96.9510542236999 28.2389924541,-96.9515295830999 28.2397881388,-97.7260679915 27.4160493565999,-96.949913361 28.2447715023999,-96.9459203414999 28.2473677845,-96.9449220867 28.2490008973,-96.9436861521 28.2503408685999,-96.9424026816 28.2502571208999,-96.9411667469999 28.2496708850999,-96.9411667469999 28.250215247,-96.9396931327 28.2506339850999,-96.938504734 28.2505921114,-96.9353673616 28.2509689743999,-96.9328004206 28.2513877095,-96.9295679763 28.2534813603999,-96.9290926168 28.2547375312,-96.928950009 28.2559936872,-96.9293302966 28.2565380168999,-96.9289024729999 28.2574591838,-96.9279042181999 28.2588827898999,-96.9279517540999 28.2599295467999,-96.9278566822 28.260766945,-96.9276665385 28.2615624672,-96.9266207476999 28.2622742452,-96.9248143817 28.2635303124,-96.9229129439 28.2644514188999,-96.9203935387999 28.2658749315999,-96.9183736077 28.267763804))","Saint Charles Bay"
"Menidia beryllina","eatenBy","Sciaenops ocellatus",28.084229,-96.850092,,"Miles 1949",-671216400000,1589731,1589703,,,"Literature","Literature",,,,,,,,,,,"POLYGON((-96.8291544778 28.1114117219,-96.8294806035 28.1107208877999,-96.8297182831999 28.1081527336999,-96.8316197210999 28.1061086487999,-96.8325110199999 28.1053224519,-96.8335211588999 28.1042217665,-96.8342341981 28.1027541684999,-96.8355414365999 28.1011293044999,-96.8369080949999 28.0990326693,-96.8372051947 28.098141587,-96.8373834543999 28.0953634592,-96.837739974 28.0948916946,-96.8378588138999 28.0935288071999,-96.8397008318 28.0910650822,-96.8407109706 28.090121513,-96.8410674902 28.0883129821,-96.8421667589999 28.0870024333999,-96.843028348 28.0862160966,-96.8443058765 28.0821794766999,-96.8443058765 28.081419317,-96.8444544263 28.0807902152,-96.8454348551999 28.0795057877,-96.8458210847999 28.0744727808999,-96.8457022448999 28.0737912098,-96.8456428249999 28.0731358488,-96.8459993446 28.0720348334999,-96.8463558642 28.0714318917,-96.8471877431999 28.070225998,-96.8475145528 28.0691511682999,-96.8478116524999 28.0678403858,-96.8481681721 28.0668966124999,-96.8488515013 28.0655595861999,-96.8487682071999 28.0650120906,-96.8520948277 28.0621581356,-96.8523275672999 28.0624660104,-96.8522384374 28.0628330495,-96.8526543769 28.0632000873,-96.8529514765999 28.0632000873,-96.8528029267999 28.0639341591999,-96.8525949569999 28.0641438930999,-96.8522087274999 28.0644584930999,-96.8519116278 28.0649303914999,-96.8513768483999 28.0659003984,-96.8513768483999 28.0664247228,-96.8512877185 28.0673685002,-96.871020705 28.0983381964999,-96.8487301363999 28.1113773123999,-96.8479174601999 28.1106699382,-96.8467956118 28.1101232932,-96.8461396157999 28.1096327254,-96.8455406629 28.1094188874,-96.8448704059999 28.1090415253,-96.8443855393999 28.1088780012,-96.8436011963 28.1086390042,-96.8432874590999 28.1084629007,-96.8421905268999 28.1081160453999,-96.8412992279999 28.1078330204,-96.8402653211 28.1070468361999,-96.8394453261 28.106386437,-96.8384470711999 28.1054430024,-96.837734032 28.1048140414999,-96.8370209928999 28.1041850768,-96.8365218654 28.1038076962999,-96.8355236106 28.1037133509,-96.835167091 28.1037762477999,-96.8331349293 28.1058518251,-96.8329210176 28.1067323609,-96.8326001499 28.1076443367,-96.8317801549 28.108744987,-96.8312097234999 28.1097512858,-96.8309601598 28.1104431107999,-96.8310314637 28.1108833607999,-96.8310262055999 28.111437927,-96.8291544778 28.1114117219))","Pass from Mesquite Bay to the Gulf of Mexico"
"Menidia beryllina","eatenBy","Bagre marinus",28.084229,-96.850092,,"Miles 1949",-671216400000,1588045,1588011,,,"Literature","Literature",,,,,,,,,,,"POLYGON((-96.8291544778 28.1114117219,-96.8294806035 28.1107208877999,-96.8297182831999 28.1081527336999,-96.8316197210999 28.1061086487999,-96.8325110199999 28.1053224519,-96.8335211588999 28.1042217665,-96.8342341981 28.1027541684999,-96.8355414365999 28.1011293044999,-96.8369080949999 28.0990326693,-96.8372051947 28.098141587,-96.8373834543999 28.0953634592,-96.837739974 28.0948916946,-96.8378588138999 28.0935288071999,-96.8397008318 28.0910650822,-96.8407109706 28.090121513,-96.8410674902 28.0883129821,-96.8421667589999 28.0870024333999,-96.843028348 28.0862160966,-96.8443058765 28.0821794766999,-96.8443058765 28.081419317,-96.8444544263 28.0807902152,-96.8454348551999 28.0795057877,-96.8458210847999 28.0744727808999,-96.8457022448999 28.0737912098,-96.8456428249999 28.0731358488,-96.8459993446 28.0720348334999,-96.8463558642 28.0714318917,-96.8471877431999 28.070225998,-96.8475145528 28.0691511682999,-96.8478116524999 28.0678403858,-96.8481681721 28.0668966124999,-96.8488515013 28.0655595861999,-96.8487682071999 28.0650120906,-96.8520948277 28.0621581356,-96.8523275672999 28.0624660104,-96.8522384374 28.0628330495,-96.8526543769 28.0632000873,-96.8529514765999 28.0632000873,-96.8528029267999 28.0639341591999,-96.8525949569999 28.0641438930999,-96.8522087274999 28.0644584930999,-96.8519116278 28.0649303914999,-96.8513768483999 28.0659003984,-96.8513768483999 28.0664247228,-96.8512877185 28.0673685002,-96.871020705 28.0983381964999,-96.8487301363999 28.1113773123999,-96.8479174601999 28.1106699382,-96.8467956118 28.1101232932,-96.8461396157999 28.1096327254,-96.8455406629 28.1094188874,-96.8448704059999 28.1090415253,-96.8443855393999 28.1088780012,-96.8436011963 28.1086390042,-96.8432874590999 28.1084629007,-96.8421905268999 28.1081160453999,-96.8412992279999 28.1078330204,-96.8402653211 28.1070468361999,-96.8394453261 28.106386437,-96.8384470711999 28.1054430024,-96.837734032 28.1048140414999,-96.8370209928999 28.1041850768,-96.8365218654 28.1038076962999,-96.8355236106 28.1037133509,-96.835167091 28.1037762477999,-96.8331349293 28.1058518251,-96.8329210176 28.1067323609,-96.8326001499 28.1076443367,-96.8317801549 28.108744987,-96.8312097234999 28.1097512858,-96.8309601598 28.1104431107999,-96.8310314637 28.1108833607999,-96.8310262055999 28.111437927,-96.8291544778 28.1114117219))","Pass from Mesquite Bay to the Gulf of Mexico"
"Menidia beryllina","eatenBy","Elops saurus",28.084229,-96.850092,,"Miles 1949",-671216400000,1588478,1588470,,,"Literature","Literature",,,,,,,,,,,"POLYGON((-96.8291544778 28.1114117219,-96.8294806035 28.1107208877999,-96.8297182831999 28.1081527336999,-96.8316197210999 28.1061086487999,-96.8325110199999 28.1053224519,-96.8335211588999 28.1042217665,-96.8342341981 28.1027541684999,-96.8355414365999 28.1011293044999,-96.8369080949999 28.0990326693,-96.8372051947 28.098141587,-96.8373834543999 28.0953634592,-96.837739974 28.0948916946,-96.8378588138999 28.0935288071999,-96.8397008318 28.0910650822,-96.8407109706 28.090121513,-96.8410674902 28.0883129821,-96.8421667589999 28.0870024333999,-96.843028348 28.0862160966,-96.8443058765 28.0821794766999,-96.8443058765 28.081419317,-96.8444544263 28.0807902152,-96.8454348551999 28.0795057877,-96.8458210847999 28.0744727808999,-96.8457022448999 28.0737912098,-96.8456428249999 28.0731358488,-96.8459993446 28.0720348334999,-96.8463558642 28.0714318917,-96.8471877431999 28.070225998,-96.8475145528 28.0691511682999,-96.8478116524999 28.0678403858,-96.8481681721 28.0668966124999,-96.8488515013 28.0655595861999,-96.8487682071999 28.0650120906,-96.8520948277 28.0621581356,-96.8523275672999 28.0624660104,-96.8522384374 28.0628330495,-96.8526543769 28.0632000873,-96.8529514765999 28.0632000873,-96.8528029267999 28.0639341591999,-96.8525949569999 28.0641438930999,-96.8522087274999 28.0644584930999,-96.8519116278 28.0649303914999,-96.8513768483999 28.0659003984,-96.8513768483999 28.0664247228,-96.8512877185 28.0673685002,-96.871020705 28.0983381964999,-96.8487301363999 28.1113773123999,-96.8479174601999 28.1106699382,-96.8467956118 28.1101232932,-96.8461396157999 28.1096327254,-96.8455406629 28.1094188874,-96.8448704059999 28.1090415253,-96.8443855393999 28.1088780012,-96.8436011963 28.1086390042,-96.8432874590999 28.1084629007,-96.8421905268999 28.1081160453999,-96.8412992279999 28.1078330204,-96.8402653211 28.1070468361999,-96.8394453261 28.106386437,-96.8384470711999 28.1054430024,-96.837734032 28.1048140414999,-96.8370209928999 28.1041850768,-96.8365218654 28.1038076962999,-96.8355236106 28.1037133509,-96.835167091 28.1037762477999,-96.8331349293 28.1058518251,-96.8329210176 28.1067323609,-96.8326001499 28.1076443367,-96.8317801549 28.108744987,-96.8312097234999 28.1097512858,-96.8309601598 28.1104431107999,-96.8310314637 28.1108833607999,-96.8310262055999 28.111437927,-96.8291544778 28.1114117219))","Pass from Mesquite Bay to the Gulf of Mexico"
"Menidia beryllina","eatenBy","Cynoscion nebulosus",27.273031,-97.588381,,"Miles 1949",-671216400000,1588392,1588352,,,"Literature","Literature",,,,,,,,,,,"POLYGON(((((((-97.4110840988 27.3231362803,-97.4229680851999 27.2624105204,-97.430098477 27.2624105204,-97.4372288688999 27.2645232781,-97.4455476593 27.2645232781,-97.4544606491 27.2602977226,-97.4639678382 27.2573925601,-97.4705040306999 27.2539590883,-97.4749605255999 27.2518461298999,-97.4886271099999 27.2499972584,-97.4899640584 27.2477521588,-97.4993226976999 27.245137221,-97.5025756775 27.2399899141999,-97.5058887427999 27.2373120303,-97.5093524019 27.2357052690999,-97.5114607162 27.2339645849,-97.5171832835 27.2323577754,-97.5207975364999 27.2307509426,-97.5244117894999 27.2307509426,-97.5283272302 27.2292779922,-97.5426336483999 27.2292779922,-97.5614578827999 27.2340984846999,-97.5673310439999 27.2345001829,-97.5700417336999 27.2353035752,-97.5703429215 27.2374459259999,-97.5732042050999 27.2394543425,-97.5869082477999 27.2410610497,-97.6000099148999 27.2436049551,-97.6174788044999 27.2419982848,-97.6307310655 27.2425338440999,-97.6370560082999 27.2472198787,-97.6403690734999 27.2537799955,-97.6405196674 27.2573945884,-97.6400678857999 27.2703793789,-97.6433809510999 27.2733241719999,-97.6491035182999 27.276670433,-97.6518142081 27.2757334900999,-97.656783806 27.2738595805,-97.6632593426 27.2734580244,-97.677264573 27.2703793789,-97.6825353586999 27.2687730952999,-97.6891614892 27.2685053790999,-97.6944322747999 27.2667652081,-97.6986489032999 27.2687730952999,-97.7015101869999 27.2654265964999,-97.70512444 27.2642218322999,-97.7120517582 27.2626154597,-97.7156660113 27.2638202412999,-97.7182261070999 27.2644895588,-97.7197320459 27.2636863773,-97.7228945173 27.2638202412999,-97.7263581763999 27.2623477286,-97.7284664907 27.2628831900999,-97.7304242109999 27.2630170549999,-97.7343396517999 27.2654265964999,-97.7372009353999 27.2655604584,-97.7397610313 27.2683715207999,-97.7397610313 27.2721194934,-97.7411163761999 27.2753319406999,-97.7379539047999 27.2794812144,-97.7356949967 27.2794812144,-97.7355444028 27.277607368,-97.7355444028 27.2735918766,-97.7334360886 27.2718517851999,-97.7292194599999 27.2718517851999,-97.7254546132 27.2691746684,-97.7176237316 27.2721194934,-97.7143106663999 27.2768042812999,-97.7105458194999 27.2772058253999,-97.7093410684999 27.2760011889,-97.7015101869999 27.2753319406999,-97.6936793053999 27.2777412151999,-97.6902156463 27.281890399,-97.6843424852 27.2830949716999,-97.6795234811999 27.28282729,-97.6718431934999 27.2838980129,-97.6677771588999 27.2847010483,-97.6600968711999 27.2875116264999,-97.6606992467 27.2900544692999,-97.6570849936999 27.2964782339,-97.6582897446999 27.2980841169999,-97.6581391507999 27.2996899769,-97.654374304 27.3043736021,-97.6675706627 27.3101332439,-97.6721341134999 27.3100065315999,-97.6754140936999 27.3117804904,-97.6764123485999 27.3169754924,-97.6832575246999 27.3200163562,-97.6855392501 27.3183692319999,-97.6896748773999 27.3177357161,-97.6963774456999 27.3197629541,-97.7036504454 27.3152016166,-97.703935661 27.3177357161,-97.6998000338 27.3200163562,-97.6962348378999 27.3211566586,-97.6969478771 27.3230571367,-97.6950939751999 27.3244507998999,-97.6896748773999 27.3201430569999,-97.6881061912 27.3203964582999,-97.6861096815 27.3236906220999,-97.6841131718 27.3239440153,-97.6834001325999 27.3266046084999,-97.6926696419999 27.3353461082,-97.6899600930999 27.3411733918,-97.6933826811 27.348393731,-97.6955217987 27.3502937421,-97.6966626613999 27.3559935798,-97.6988572374999 27.359936169,-97.7015905543999 27.3612027146999,-97.7033731524 27.3635246774,-97.7046803908999 27.3679573802,-97.7040861914999 27.3702792013,-97.70539343 27.3721788368,-97.7105035441999 27.3745005693,-97.711573103 27.3784051913999,-97.7149006191 27.3811488975,-97.7146629394 27.385158807,-97.7183469752 27.3888520161,-97.7200107333 27.3856864159,-97.7232194096 27.385264329,-97.7242889684 27.3875857869,-97.7234570892999 27.3944443550999,-97.7240512886999 27.3967656202999,-97.7248831677 27.3981372541,-97.7288023022999 27.4003951372999,-97.730870116 27.4022309522,-97.7325101060999 27.4037502243,-97.7342927041 27.406282298,-97.7352196549999 27.4098271037,-97.7357187823999 27.4116627619999,-97.7347918315 27.4137515773999,-97.734364008 27.4168530789,-97.7383570273999 27.4197013199,-97.7392839782999 27.4203342524,-97.7395691939999 27.4217899832999,-97.7408279026 27.4220939134999,-97.7416122456999 27.4218090988999,-97.7426461525 27.4220939134999,-97.7454626572999 27.4230749359999,-97.7462826523999 27.4236129123999,-97.7477800347 27.4237394947,-97.7489565493 27.4249103741,-97.7493130688999 27.4250369549,-97.7514521865 27.4244040494,-97.7527000049999 27.4251951807999,-97.7538765197 27.4262711103,-97.7541260833999 27.4280115623,-97.7548034705999 27.4286760913,-97.7575130194999 27.429467192,-97.7594382253 27.4302582870999,-97.7615060388999 27.4303532180999,-97.7629677693 27.4304165054,-97.7636451565 27.4304797927,-97.7656773182 27.4321252489,-97.7648573231 27.4331061823,-97.7640016760999 27.4333909678,-97.7629321172999 27.4335175388999,-97.7606860438999 27.432473323,-97.7604364801999 27.4319353898,-97.7596164850999 27.4318721034,-97.7587964899999 27.4321885352,-97.7570495439999 27.4321885352,-97.7548391226 27.4317138870999,-97.7461756965 27.4287077354,-97.742253981 27.4272520956999,-97.7369418390999 27.4247521479,-97.7362644518999 27.4246572121,-97.736157496 27.4253850513999,-97.7363357557999 27.4260495961999,-97.7370131429999 27.4299734935,-97.7368348832 27.432473323,-97.7398652997 27.43544773,-97.7399009516999 27.4361438562999,-97.7388670449 27.4359540041,-97.7377261822 27.4348781688999,-97.7370131429999 27.4343086049,-97.7363357557999 27.4347832418,-97.7364783636 27.4358590778999,-97.7359079322999 27.4380107186,-97.7350879372 27.4372513207,-97.7347670695999 27.4362071402,-97.7348027215 27.4348465266,-97.7354088048 27.4339921792,-97.7351235892 27.4325998951999,-97.7350879372 27.4293406162999,-97.7343392461 27.4287393795,-97.7344462018999 27.4248470837,-97.7348027215 27.4242141771,-97.7343035940999 27.4235812667999,-97.73441055 27.4231382275,-97.7323783883 27.4231382275,-97.7314870893 27.4235496211999,-97.7305957904 27.4240875953,-97.7297401433 27.4249103741,-97.7286349326 27.4281697838,-97.7282427611 27.4284229378,-97.7271375503 27.4279482735999,-97.7274940699 27.4224736651999,-97.7284923248 27.4220306214,-97.7285279766999 27.4202900750999,-97.7260679915 27.4160493565999,-97.7256401679999 27.4139289363,-97.72567582 27.4118717732,-97.7249271289 27.4107957034,-97.7258540798 27.4092132287,-97.7244280014 27.4076940317999,-97.7225740995999 27.4068394743,-97.7209341094 27.4069977262,-97.7203636781 27.4071559779,-97.7170480459 27.4072192783999,-97.7118785117999 27.4027248458,-97.711700252 27.4019335535999,-97.7123419872999 27.400034429,-97.7116646000999 27.3991165071,-97.7101672178 27.3987683277999,-97.7092046149 27.3981352718,-97.7076359287 27.3967108824999,-97.7043559484 27.3945267832,-97.7030368259 27.3939570110999,-97.7001490172 27.3923742954,-97.6991864144 27.3920894042,-97.6981168556 27.3921527134,-97.6974394684 27.3929440757,-97.6973325124999 27.3936721239999,-97.6975107723 27.3944951293,-97.6980812035999 27.3956663186999,-97.6985446790999 27.3959195471999,-97.6984020712999 27.3968691488999,-97.6978672918999 27.3981352718,-97.6970472967999 27.3970590682,-97.6963342576 27.3959828542,-97.6937316645999 27.3941152815,-97.6955855665 27.3920260949,-97.6958707822 27.3893354177,-97.6971899045999 27.3886073408,-97.6984377232 27.3881325055,-97.6992220662999 27.3875943564,-97.700327277 27.3871511727,-97.7004698849 27.3866130187999,-97.7010759682 27.3863597689999,-97.7017533554 27.3860115495999,-97.7018603112999 27.3853467638999,-97.7017177034999 27.3841121514999,-97.7009690123 27.3835423256999,-97.6995785858999 27.383320726,-97.6985090271 27.3828142107,-97.6975464241999 27.3823710079,-97.6964055615 27.3816745429,-97.6935534047999 27.3810097311999,-97.6918421107999 27.3820280521999,-97.6910993615999 27.3827667248,-97.6912182015 27.3840857707,-97.6894058935999 27.3893881766999,-97.6884848846 27.3902586966999,-97.6882174949 27.3913930002999,-97.6864705489 27.3947272579,-97.6864705489 27.3959617519,-97.6872192401 27.3983990456,-97.6871835880999 27.3994752360999,-97.6861853333 27.4002032414,-97.6856149018999 27.3999500227,-97.6832975245999 27.3958984448,-97.6842244755 27.3953286797999,-97.6851157745 27.3946006424,-97.6857931617 27.3939675624999,-97.6859001175999 27.3927330462999,-97.6859714215 27.3912769324999,-97.6879679312 27.3878264995,-97.6882531468999 27.3870034444999,-97.6877896713999 27.3862120396999,-97.6866488086999 27.3832996213,-97.6881105389999 27.3808619946999,-97.6881818429999 27.3800705459999,-97.6837253480999 27.3787408992999,-97.6818714462 27.3772529425,-97.6804453678 27.3766830814,-97.6787697257999 27.3750367994999,-97.6783775541999 27.3725040102,-97.6773792993 27.3709526481999,-97.6776288630999 27.3694012644,-97.6771653875999 27.3690213303999,-97.6770227797999 27.3683247811999,-97.6780210345999 27.3676598893,-97.6762384367 27.3651585936,-97.6738141034 27.3645886702,-97.6716749858999 27.3658235004999,-97.6690367408999 27.3633854889999,-97.6642593784 27.3617073459999,-97.6622272167 27.360630788,-97.6616924373 27.3591109235999,-97.6603733147999 27.3574010512,-97.6603733147999 27.3556911523999,-97.6622628686999 27.3550261847,-97.6635463391999 27.3540128928,-97.6642237263999 27.3526512671999,-97.6644019862 27.3515746212,-97.6649724175999 27.3499279659,-97.6680741379999 27.3453362015,-97.6675037067 27.3442278160999,-97.6654002411 27.3426127203,-97.6644019862 27.3410292702,-97.6627263440999 27.3391924398,-97.6618706970999 27.3386857226,-97.6603376629 27.3380523227999,-97.6585907168999 27.3370072053,-97.6555959523 27.3362787842,-97.6516029329 27.3352969918,-97.6498203348999 27.3323198904,-97.6496777270999 27.3315280947,-97.6501412025999 27.3310213424,-97.6510325014999 27.3297861241,-97.6522090162 27.3294693992999,-97.6536350946 27.3292160186999,-97.6543124818 27.3288992923,-97.6546333494 27.3280124533,-97.6552394327 27.3272206267999,-97.6564872513 27.3280757992,-97.656736815 27.3292160186999,-97.6583411531999 27.3338401224,-97.6589472364999 27.3356770414999,-97.6601237511 27.3350119535999,-97.6606941824999 27.3340618211,-97.6596246236999 27.3324149054999,-97.6584124570999 27.3289626376,-97.6565942072 27.3267455282,-97.6551324768 27.3260487131999,-97.6539916140999 27.3252568726999,-97.6523159720999 27.3245917222,-97.6493568595 27.3241482864,-97.6461838351 27.3236731746,-97.644543845 27.3239899161,-97.6430464626999 27.3243383306,-97.6415847324 27.3241799605,-97.6378056246999 27.3241166124,-97.6353812914999 27.3240849383,-97.6334560857 27.3238632196,-97.6326004386999 27.3229763404,-97.6326004386999 27.3146773409,-97.6326004386999 27.3139487731,-97.633135218 27.3135369718,-97.6338482572 27.3131568461999,-97.6345256445 27.3122382039,-97.6343830365999 27.3113829093999,-97.6333847818 27.3108760651,-97.6319587034 27.3104008964999,-97.6307108847999 27.3098623696,-97.6302117574 27.3089437,-97.6303900172 27.3058708533999,-97.6300334975999 27.3054273427,-97.6301048014999 27.3046353549999,-97.6304613211 27.3033048029,-97.6303543652 27.3021643169999,-97.6301761053999 27.3018791936,-97.6287500270999 27.301910874,-97.6280013358999 27.301435667,-97.6276804682999 27.3009287773,-97.6285361152999 27.3004852468999,-97.6299621936999 27.3002001193,-97.6312456641999 27.2999149909,-97.6318160956 27.3001367574999,-97.6320300073 27.3007070122999,-97.6318160956 27.3014039864999,-97.6319230513999 27.3018158327999,-97.6320656592999 27.3025127999999,-97.6314952279 27.3033998428999,-97.6309961004999 27.3039384011,-97.6309247965999 27.3045086364,-97.6313526201 27.3049204711999,-97.6319587034 27.3049838302999,-97.6325647867 27.304350238,-97.6332065219999 27.3034632028,-97.6340265169999 27.3027662414999,-97.6354525953999 27.3020692758999,-97.6359160708999 27.3015940696,-97.6370212815999 27.3008020545,-97.6368430218 27.3000417147,-97.6361656346 27.2992180074,-97.6353456395 27.2985210195,-97.6309961004999 27.2975388927999,-97.6273239486999 27.2963666656,-97.6258622184 27.2940538568,-97.6265396056 27.2934835677999,-97.6267178653999 27.2925330795999,-97.6257909145 27.2913607996,-97.6232952773 27.2894597787,-97.6185535668 27.2869250335,-97.6170918363999 27.2867032406,-97.6164501012 27.2869884029,-97.6164144491999 27.2875904097,-97.6174483559999 27.2879389385,-97.6182683510999 27.2882874663,-97.6187674785 27.2898716692999,-97.620050949 27.2905053442,-97.6214057235 27.2911073319999,-97.6220474587999 27.2912974328,-97.6245074439 27.2931984222,-97.6250422232999 27.2951944261,-97.6234735370999 27.2946875079,-97.6219048508999 27.2939588089,-97.620050949 27.293451885,-97.6183753069999 27.2930716906,-97.6162718414 27.2924697133999,-97.6150240228 27.2923112978,-97.6142396797 27.2918360496999,-97.6135266404999 27.2906320788,-97.6130988169999 27.2895548304999,-97.6125640375999 27.2888894660999,-97.6116014347 27.2888260978,-97.6112805670999 27.2893013588,-97.610496224 27.2898399854999,-97.6099970965999 27.2901885072,-97.6091414495 27.2901885072,-97.6089275378 27.2895231466,-97.6099614446 27.2891112547,-97.6105675279 27.2888894660999,-97.6112449151 27.2886676769999,-97.6117796945 27.2879072542,-97.6123144739 27.2878755698,-97.6127066454999 27.2866398711,-97.6126353414999 27.2856893243,-97.6115657828 27.2853724735999,-97.6114588269 27.2847070840999,-97.6108170915999 27.2843585451,-97.6018883705999 27.290846295,-97.597134776 27.2964435823999,-97.5920246618999 27.3006677634,-97.5898855443 27.3035189946999,-97.5820421133 27.3097492082,-97.5767289811 27.312885302,-97.5777985398 27.3139412057999,-97.5824332945 27.3116182039999,-97.5881376079999 27.3119349798999,-97.5887318072999 27.3099287175999,-97.5868303695 27.3095063419999,-97.5918216438 27.3032761149,-97.5949114801999 27.3023257105,-97.5981201565 27.2991576370999,-97.6027549111999 27.3066552645,-97.6091722639 27.3069720545,-97.6105983422 27.3115126119,-97.6122621003 27.3115126119,-97.6139258583999 27.3135188454999,-97.6167780151999 27.3133076647,-97.6210562503 27.3212266687,-97.6237895671 27.3227048201,-97.6271170833 27.3286172289999,-97.6321083576 27.3345293225,-97.6329402366 27.3357961586999,-97.6306822792 27.3387520534,-97.6305634394 27.3500470677,-97.6284243217999 27.3517359428,-97.6280678021999 27.3539525523999,-97.6269982434999 27.3552191665,-97.6248591259 27.3538470005999,-97.6226011684999 27.3531081349,-97.6274736028999 27.3514192807,-97.624740286 27.3490970641,-97.6240272468999 27.3465636813999,-97.6223634888 27.345613648,-97.6222446488999 27.3440302407999,-97.6243837664 27.3412856146999,-97.6264040440999 27.3413911785,-97.6252156455 27.3391743177,-97.6259286847 27.3367462763,-97.6260475244999 27.3357961586999,-97.623908407 27.333895899,-97.6182040934999 27.3312565953999,-97.6145200577999 27.3294618331,-97.6164214955999 27.3279837717,-97.6152330968999 27.3267168462,-97.6123809401999 27.3311510218999,-97.6111925416 27.3305175791,-97.6146388976 27.3238662109999,-97.6153519367999 27.3203820019,-97.6134504989999 27.3182703067,-97.6090534239999 27.3160529835,-97.6071519861999 27.3193261593,-97.6062012672999 27.3194317439999,-97.6063201072 27.3157362194,-97.6066766266999 27.3132020741999,-97.602992591 27.3143635646,-97.5990708755 27.3159473955,-97.5982389963999 27.3176367903,-97.5949114801999 27.3140467957,-97.5888506472 27.3132020741999,-97.5881376079999 27.314469154,-97.5895636863999 27.3183758923999,-97.5893260066 27.3203820019,-97.5858796506 27.3209099193999,-97.5826709743 27.3195373285999,-97.5780362195999 27.3232327266,-97.5810072162 27.3274558877999,-97.5829086539999 27.3274558877999,-97.5844535722 27.3292506826,-97.5824332945 27.3305175791,-97.5819579350999 27.3323123244,-97.5783927391999 27.3341070405999,-97.5783927391999 27.3319956067,-97.5776797 27.3304120049999,-97.5755405823999 27.3299897073,-97.5723319061 27.3308343009999,-97.5686478702999 27.3317844611,-97.5674594717 27.3327346131,-97.5688855501 27.3342126112,-97.5695985891999 27.3367462763,-97.5686478702999 27.3390687517,-97.5675783115 27.3365351397,-97.5661522332 27.3356905895,-97.5644884751 27.3323123244,-97.5631812366 27.3297785578999,-97.5648449946999 27.328511653,-97.5663899128999 27.3283005008,-97.5674594717 27.3259777996999,-97.5695985891999 27.3230215642999,-97.5693609095 27.3217545822,-97.5663899128999 27.3225992385999,-97.5663899128999 27.3209099193999,-97.5686478702999 27.3184814779999,-97.5684101906 27.3173200306999,-97.5504653712 27.328511653,-97.5362045874999 27.3392798835,-97.5315698328 27.3408633584999,-97.5309756335 27.3435024334,-97.5272915977 27.3482526097,-97.5120878978 27.3621623639,-97.5021053491999 27.3707110940999,-97.4971140748999 27.3824249480999,-97.4896271635 27.3944541018,-97.4764359386 27.3966698557999,-97.4735837819 27.4036333648999,-97.4789315758 27.4086974597,-97.485705448 27.4055324276999,-97.4942619181999 27.4086974597,-97.4996097120999 27.4121788902,-97.50139231 27.4238883513,-97.5049575058999 27.4264199634,-97.5046009863 27.4207237544999,-97.5106618193999 27.4207237544999,-97.5135139761 27.4178755398,-97.5181487307999 27.4172425932999,-97.5195748091999 27.4128118657999,-97.5256356422 27.4086974597,-97.5288443185999 27.411862401,-97.5338355928 27.4077479596,-97.5320529948999 27.4017342695999,-97.5420355434 27.4080644605,-97.5473833373 27.4058489349,-97.5484528961 27.4109129281,-97.5391833867 27.4137613223,-97.5324095145 27.4229389818,-97.5270617206 27.4286350763999,-97.5167226524999 27.4267364108,-97.511018339 27.4311665797,-97.4942619181999 27.4302172728,-97.4903402026999 27.4371786674,-97.4967575552999 27.4416084170999,-97.4960445162 27.4545802327,-97.4988966729 27.4526820134999,-97.5042444668 27.4542638651,-97.5063835842999 27.4514165159,-97.5177922112 27.4599583428999,-97.5181487307999 27.4631218146,-97.5081661823 27.4567947803999,-97.5017488296 27.4577438586999,-97.5003227513 27.4618564368,-97.4946184378 27.4697648096999,-97.4928358397999 27.4647035164,-97.4956879965999 27.4602746941999,-97.4914097614999 27.4577438586999,-97.4874880459999 27.4599583428999,-97.485705448 27.4542638651,-97.4878445656 27.4507837616,-97.4732272623 27.4498346234999,-97.4750098603 27.4469871599,-97.4864184871999 27.4460379890999,-97.4849924087999 27.4412920123,-97.4803576541 27.4409756065999,-97.4782185365999 27.4371786674,-97.4817837325 27.4346473019999,-97.4810706932999 27.4273693029999,-97.4732272623 27.4254706157,-97.4728707426999 27.4207237544999,-97.4821402520999 27.4226225234,-97.4824967716999 27.4175590669999,-97.4721577035 27.4131283522,-97.4696620664 27.4077479596,-97.4671664292 27.4052159195,-97.4689490271999 27.4020507876999,-97.4689490271999 27.3985690381,-97.4735837819 27.3912886618999,-97.4871315264 27.3859072061,-97.4860619675999 27.3795757464,-97.476079419 27.3697612678,-97.4814272129 27.3703944861999,-97.4849924087999 27.3665951212,-97.4839228499999 27.3615290983999,-97.4882010851 27.3523463412,-97.4842793696 27.3488630272,-97.4796446148999 27.3501296994999,-97.4846358892 27.3450629234,-97.4828532913 27.3403126103,-97.4847025475999 27.3379211105,-97.4853442829 27.3345640273999,-97.4866277534 27.3324103733999,-97.4793634528 27.329945829,-97.4737914794 27.3306147479999,-97.4701772263999 27.3348957337,-97.4689724753999 27.3354308452999,-97.4692736630999 27.3398454173999,-97.4659605978999 27.3409155902,-97.4624969386999 27.3406480479999,-97.460991 27.3374374907999,-97.4647558469 27.336768613,-97.4664123794999 27.3330228228,-97.4635510959 27.3307485312999,-97.4599368429 27.3314174454,-97.4573767469999 27.3319525737999,-97.4582803101999 27.329410691,-97.4596356551 27.3276714743999,-97.4570755592 27.3249957033,-97.4573767469999 27.3237915853,-97.4596356551 27.3248619131,-97.4621957509999 27.3276714743999,-97.4644546590999 27.3276714743999,-97.4653582223999 27.329276906,-97.4670147549999 27.3318187919,-97.4697254448 27.332220137,-97.471833759 27.3307485312999,-97.4730385099999 27.3287417646999,-97.471833759 27.3261998083) 0 (-97.4787610773 27.3284741931,-97.4814717671 27.3287417646999,-97.4840318628999 27.329143121,-97.4862907711 27.3287417646999,-97.4894532424 27.329410691,-97.4890014607999 27.3311498803,-97.4896038363 27.3338255028,-97.4908085872999 27.3350295119,-97.4929169015999 27.3328890423,-97.4944228403 27.3323539183999,-97.4965311546 27.3283404071,-97.4966817484999 27.3260660195,-97.497284124 27.3253970731,-97.4993924382 27.3248619131,-97.502103128 27.3251294933999,-97.5042114422 27.3245943320999,-97.5005971891999 27.319777764,-97.4996936259999 27.3171018025,-97.4975853117 27.3183059931999,-97.4965311546 27.3179045977,-97.4971335301 27.3160313998,-97.4980370932999 27.313622956,-97.4971335301 27.3108130387999,-97.4954769975 27.3096087668,-97.4981876872 27.3084044816999,-97.5002960015 27.3065311233,-97.4999948136999 27.3037210266,-97.502103128 27.3034533946,-97.5054161932 27.3051929909,-97.5079762891 27.3062634981,-97.5090304463 27.3062634981,-97.5109881666 27.3043901037,-97.5146024195999 27.3043901037,-97.5173131094 27.3045239186,-97.5173131094 27.3025166776,-97.5209273624 27.3007770393,-97.5248428032 27.2975653278,-97.6325647867 27.304350238,-97.6332065219999 27.3034632028,-97.5293606193999 27.2908739637999,-97.5322219030999 27.2880634706999,-97.5417093172 27.2867251155999,-97.5424622865999 27.2890003095999)  (-97.5465283212 27.2922122688999,-97.5462271334999 27.2892679765,-97.5457753519 27.2857882574999,-97.5379444703 27.2804346309,-97.5392998151999 27.2833791575,-97.5346314051 27.2807023183,-97.5331254663 27.2821745878,-97.5299629949 27.2801669428,-97.5258969603 27.2792300292999,-97.5195720174999 27.2792300292999,-97.512945887 27.278293108,-97.5097834155999 27.2753484465999,-97.5064703503999 27.2746791944999,-97.5052655994 27.2777577208,-97.5027055034999 27.2808361618,-97.4954769975 27.2860559320999,-97.4882484914 27.2924799279999,-97.4835800813 27.2967623854999,-97.4746950427 27.3014461341999,-97.4578285286 27.3100101922,-97.4522565551999 27.3122849089999,-97.446354188 27.3133854199999,-97.4444527502 27.3135966006999,-97.4424087044999 27.3135966006999,-97.4396040837 27.3131320028,-97.4380829334999 27.3129208211999,-97.4365142472999 27.3129630576,-97.4360864238 27.3133431838999,-97.4331867310999 27.3134276561999,-97.4298116789999 27.3147792048,-97.4276250255 27.3153282666,-97.4257711236 27.3156661495,-97.4213502805999 27.3179890665999,-97.4188784115 27.3188759857,-97.4110840988 27.3231362803))","Baffin Bay"
"Menidia beryllina","eatenBy","Cynoscion nebulosus",28.143556,-96.844913,,"Miles 1949",-671216400000,1588282,1588242,,,"Literature","Literature",,,,,,,,,,,"POLYGON(((-96.8449758977999 28.1753305531999,-96.8220742363999 28.1680460462999,-96.8226636821 28.1677946093,-96.8228918546 28.1670905826,-96.8225686101999 28.1664871275,-96.822055222 28.16595072,-96.8211995749999 28.1653304955999,-96.8207432299 28.1650120006,-96.8200587122999 28.1632015898,-96.8195453241 28.1625981128,-96.8192220795999 28.1622963728999,-96.8192030653 28.1613911484,-96.8184805189 28.1599830062,-96.8179481163 28.1593292194999,-96.8172826131 28.1586921928,-96.816826268 28.1584407339,-96.8163699228999 28.1578372299,-96.8161417504 28.1573007792,-96.8164459804 28.1559764048,-96.8165790811 28.1553058293,-96.8167882391999 28.1545346622,-96.8172826131 28.1539646656,-96.8177199438 28.1531934889,-96.8177960012999 28.1526067202,-96.8177579725 28.1520031834,-96.8176058574999 28.1513828782,-96.8177960012999 28.1509805160999,-96.8180622026 28.1505110917999,-96.8178910732 28.1501254916,-96.8176058574999 28.1501254916,-96.8173586706 28.1498572473,-96.8174917711999 28.1496392982,-96.8177389580999 28.149169868,-96.8183284038999 28.1484824843,-96.8183093895 28.1458167350999,-96.8203058991999 28.1441065968999,-96.820096741 28.1433521155,-96.820096741 28.1429161904999,-96.8202298416999 28.1423125990999,-96.8202108273 28.1418766699,-96.8198495541 28.1415413385,-96.8195453241 28.1415413385,-96.8190509501999 28.1416084047999,-96.8189178495999 28.1420778682,-96.8187657346 28.1426646944999,-96.8187086914 28.1431341533,-96.8186136194999 28.1433856481999,-96.8182713606999 28.1432682838999,-96.8180431881999 28.1429664897,-96.8173586706 28.1425305630999,-96.8168833111 28.1422958325999,-96.8161797790999 28.1418934364,-96.8156663909 28.1417257708999,-96.8154572328 28.1418431367999,-96.8149058158 28.141943736,-96.8141262263 28.1421617007,-96.8135748092999 28.1421784672,-96.8127381766999 28.1424299644,-96.8123198602999 28.142849125,-96.8116163284 28.1433688818,-96.8113881558 28.1438048049999,-96.8106846238 28.1441401292999,-96.8098860199 28.1443413233999,-96.8094296749 28.1443580896,-96.8086881140999 28.1440562983999,-96.8079415620999 28.1439798024999,-96.8069314231999 28.1440583941,-96.8055944748 28.1443465627999,-96.8042575263 28.1445299425,-96.8028611578999 28.1434820544,-96.8026531880999 28.142434156,-96.8022966685999 28.1415172365,-96.8022075387 28.1404431208,-96.8024452183999 28.1388974232,-96.802742318 28.1374826973999,-96.8031285475999 28.1365133374999,-96.8035147771999 28.1355439688,-96.8041386863999 28.1349151844,-96.8048220156999 28.1343649949999,-96.8066937435 28.1337624033999,-96.8082089517999 28.1335790053,-96.8095161903 28.1335528054999,-96.8107937187999 28.1335790053,-96.8116553077999 28.1335528054999,-96.8123089271 28.1331598083999,-96.8121009573 28.1327144099,-96.8115661779 28.1324524099999,-96.8112096583 28.131771207,-96.8101995195 28.1291511555,-96.8103777792999 28.1287057402999,-96.8107640088999 28.1283389265,-96.8112393682999 28.1281031169,-96.811477048 28.1277363009999,-96.8113284981999 28.12729088,-96.810674879 28.1266358457,-96.8100509697 28.1260070089999,-96.8100509697 28.1251685543999,-96.8103480693 28.1246183149999,-96.8109422686 28.1240156685999,-96.8140321050999 28.1216574544,-96.8148342741999 28.1216050491,-96.8153987634999 28.1204259219999,-96.8159038329999 28.1200328767,-96.8166168720999 28.1193777981,-96.8180726604999 28.1183034605,-96.8216378564 28.1163905889,-96.822855965 28.1158141003,-96.823687844 28.1154996506999,-96.8244008831999 28.1148969529999,-96.8249356625999 28.1141632295999,-96.8252624721999 28.1130888397,-96.8257972515999 28.1125647432,-96.8266588406 28.1119882341,-96.8275204296 28.1117261833999,-96.8284117286 28.1115689527999,-96.8291544778 28.1114117219,-96.8305211362 28.1113331062999,-96.8310262055999 28.111437927,-96.8310856255999 28.1121978741,-96.8311153355 28.1134032964,-96.8315015650999 28.1146611138999,-96.8317095347999 28.1151065874,-96.8323494379999 28.115028848,-96.8326631751999 28.1148527550999,-96.8331052595 28.1143747869999,-96.8334903007 28.1140729112999,-96.8336614300999 28.1137081438,-96.8340607319999 28.1134314227,-96.8343744693 28.1131547009999,-96.8349306398 28.1126893037,-96.8355581142999 28.1123874233,-96.8360857633 28.1121232771999,-96.8367988024999 28.1119471795,-96.8371410613 28.1120603852,-96.8388238338 28.1116075617,-96.8390377454999 28.1115320908999,-96.8387953122 28.1112050501999,-96.8390662670999 28.1110163724,-96.8392944395999 28.1108780084999,-96.8397793063 28.1107648015999,-96.8404780846999 28.1104000228,-96.8413479925 28.1099220348999,-96.8418899022999 28.1095949893,-96.8424888552 28.1092931001999,-96.842959461 28.1089912101999,-96.8431305903999 28.1085761101,-96.8432874590999 28.1084629007,-96.8436011963 28.1086390042,-96.8443855393999 28.1088780012,-96.8448704059999 28.1090415253,-96.8455406629 28.1094188874,-96.8461396157999 28.1096327254,-96.8464676138 28.1099220348999,-96.8467956118 28.1101232932,-96.8466815256 28.1102616581,-96.8463820491 28.1104377586,-96.8460683118999 28.1107019087999,-96.8456832706999 28.1109409011999,-96.8454836197 28.1113308352,-96.8453552727 28.1117207677,-96.8453552727 28.1120100716,-96.845398055 28.1122993747,-96.8456832706999 28.1124880502,-96.8460112686999 28.1124503150999,-96.8464818746 28.1123119531,-96.8468241334 28.1120603852,-96.8475015206 28.1109319914,-96.8479174601999 28.1106699382,-96.8487301363999 28.1113773123999,-96.8501754175999 28.1138145345,-96.8518391756999 28.1163301451,-96.8532652539999 28.1190029166,-96.8550478519999 28.1206275099999,-96.8633072224999 28.1246102797,-96.8641391016 28.1251867209999,-96.8658622795999 28.126182385,-96.8661593793 28.1268636233999,-96.8667535785999 28.1272304423,-96.8680608171 28.1277020648,-96.8690709559 28.1286453035,-96.8701405146999 28.1295361323999,-96.8706752940999 28.1303745529,-96.8721193787999 28.1315532893999,-96.8730520913999 28.1323657752,-96.8728144116 28.1332041735,-96.8721013723999 28.1349857481,-96.8718636927 28.1358765244,-96.8730520913999 28.1376580545999,-96.8738839704 28.1382344256999,-96.8736462906999 28.1396491415,-96.8741216500999 28.1401207093,-96.8750129490999 28.1399635203,-96.8753100488 28.1393347618,-96.8754288885999 28.1385488086,-96.8739433902999 28.1364005068999,-96.8739433902999 28.1357193290999,-96.8744187498 28.1347237537,-96.8741216500999 28.134199763,-96.87424049 28.133413772,-96.8751317889999 28.1327325751999,-96.8761419278 28.1321561745999,-96.8772114866 28.1321561745999,-96.878637565 28.1326277753,-96.8792911842 28.1332041735,-96.8805390028 28.1330993740999,-96.8820245011 28.1329945745,-96.8827375402999 28.1356669305999,-96.8836882591999 28.1382344256999,-96.8841041987 28.1392299683999,-96.8840447788 28.1433168364,-96.8833317395999 28.1436312043999,-96.8822621807999 28.1457793611,-96.8817274013999 28.1468796198,-96.8819056611999 28.1475083338999,-96.8807766824999 28.1479798670999,-96.8798829839 28.1488677372,-96.8791129244 28.1497088045,-96.8790535045 28.1508090228,-96.8794100240999 28.1516996673999,-96.8801824832 28.1515948861,-96.8814897217 28.1507566316999,-96.8826187004 28.1500231537,-96.8835694193 28.1496564127999,-96.8845795581 28.1496040211999,-96.8855302771 28.1496564127999,-96.8866592557999 28.1502327193,-96.8875505546999 28.1508090228,-96.8878476544 28.1520140107999,-96.8876693945999 28.1530618154999,-96.8869563554 28.1542143887,-96.8856491168999 28.1553669496,-96.8841636185999 28.1565718863,-96.8830761483 28.1579389513,-96.8796124891999 28.1603288045999,-96.8762994238999 28.1613909444999,-96.8728357648 28.1635151925999,-96.8702756689 28.1663032043,-96.870125075 28.1680290798999,-96.8621435996 28.1722772703999,-96.8600352854 28.1726755297,-96.8582281589 28.1720117634999,-96.8556680629999 28.172144517,-96.8508490589999 28.1738702984,-96.8449758977999 28.1753305531999))","Mesquite Bay"
"Menidia beryllina","eatenBy","Cynoscion nebulosus",28.125884,-97.116762,,"Miles 1949",-671216400000,1588172,1588132,,,"Literature","Literature",,,,,,,,,,,"POLYGON((((-97.0093190022 28.1348662103999,-97.0269073019999 28.1102988013999,-97.0307854567 28.1139656596,-97.0316411036999 28.1145107128,-97.0329245741999 28.1147622748999,-97.0351587636999 28.1170263071,-97.035729195 28.1171940113,-97.0367749857999 28.1171520852999,-97.0376306328 28.1171940113,-97.0385813517 28.1174455670999,-97.0400549661 28.1183679331999,-97.0416236523 28.1186614117,-97.0437627697999 28.1182840821,-97.0450462402999 28.1179906025999,-97.0476607173 28.1184517842999,-97.0494670833 28.1185356352999,-97.05056041 28.1184098588,-97.0517488086999 28.1187033371999,-97.0529372073 28.1185356352999,-97.0535551746 28.1179486768999,-97.0536027105 28.1170682332,-97.0527945995 28.1166489716999,-97.0519389523999 28.1165651192,-97.0486114362 28.1160620029,-97.0477557891999 28.1161877822,-97.04704275 28.11597815,-97.0469001422 28.1153073241,-97.0476607173 28.1142591501999,-97.0468526063 28.111114567,-97.0468050702999 28.1094374181999,-97.0472328938 28.1081376099,-97.0471853579 28.1010932135999,-97.0477557891999 28.1001287662,-97.0478983970999 28.0994578411,-97.0489441879 28.0988288451,-97.0504653380999 28.0984514457,-97.0518438805 28.096312824,-97.0532699589 28.0945935091,-97.0542206778 28.0932096501999,-97.0544583574999 28.0926644888,-97.0556467562 28.0919935171,-97.0563597953999 28.0917419015999,-97.0584513769999 28.0903160694,-97.0607331023999 28.0880095361,-97.0613986056 28.0882611603999,-97.0623968605 28.0873385352999,-97.0645835139 28.0863320262999,-97.0666750955 28.0860384592999,-97.0690994288 28.0853255078,-97.0753799175 28.0846653243,-97.0772052978 28.0834071552,-97.0778898153999 28.0822496265999,-97.0786313761999 28.0818973328,-97.0811983172 28.0806894595,-97.0838223014 28.0800351892,-97.086617415 28.0792299278999,-97.0898688736999 28.0794815727,-97.0932914618 28.0791795989,-97.0951738851999 28.0787769657999,-97.1003648104999 28.0779213655,-97.1029887946999 28.0764114659,-97.1051564338 28.0734922665999,-97.1080085905 28.0710763175,-97.1121727392999 28.0686603141,-97.1125720412999 28.0640294891,-97.1137699470999 28.0628214149,-97.113313602 28.0620160245999,-97.1153671548999 28.0597004938999,-97.1212425977 28.0556230249999,-97.1268185641999 28.0525711145999,-97.1287437698999 28.050997931,-97.130455064 28.0504001153,-97.1321307061 28.0498966888999,-97.1333072207 28.0491730092999,-97.1334854804999 28.0487325062999,-97.1345550392999 28.0479773540999,-97.1354106863 28.0472851265999,-97.1533792736999 28.0502427947999,-97.1550192638 28.050305723,-97.1600818419999 28.0509035392999,-97.1608305331999 28.0510293948999,-97.1622922635 28.0512811058,-97.1631479105 28.0516272071999,-97.1637183418999 28.0525081876999,-97.1648948564999 28.0523508703,-97.1664635427 28.0522564796999,-97.1674261456 28.0528228218,-97.168067995 28.0537252982,-97.1687097302 28.0549838149,-97.1691732057 28.0554242923,-97.1700645046999 28.0553613671,-97.1710627595 28.0555816052,-97.1723462301 28.0561479298,-97.1738436124 28.0570288732,-97.1769453328 28.0585075834999,-97.1798331414999 28.0590109695,-97.1825070384 28.0599548120999,-97.1853948471 28.0613390995,-97.1878904842999 28.0624087638999,-97.1901009057 28.0628177504,-97.1918478517 28.0639188602999,-97.1931313222 28.064327841,-97.1957339152999 28.0666243965,-97.1969104299 28.0665614778,-97.1996556307999 28.0678198443,-97.202079964 28.0689209029,-97.2041121256999 28.0708713217999,-97.2113138213999 28.0724442144999,-97.2117059929999 28.0730104502,-97.2148077134 28.0734193963999,-97.2184085612999 28.0725071297,-97.2188007328 28.07209818,-97.2193711641999 28.0719094335,-97.2224015806999 28.0769425603999,-97.2209041984 28.0776345969,-97.2204407229999 28.0785468201,-97.2189433406999 28.0821956351,-97.2172320466 28.0860015945,-97.2149146693 28.0880775155999,-97.2140590223 28.0887065746,-97.2137025027 28.0898388716,-97.2115633851 28.0926381101,-97.2108503458999 28.0931413363,-97.2098520911 28.0943050377,-97.2084260127 28.0956574317,-97.2074634097999 28.0960033902,-97.206393851 28.0971985109999,-97.2054669001 28.0982992684,-97.2041477775999 28.0996201622999,-97.2027216993 28.1003120526,-97.2013669247999 28.1020732078999,-97.1999051945 28.1026707362,-97.1981225964999 28.1042746114,-97.1976947729999 28.1047463348,-97.1972312974999 28.1051866080999,-97.1950565279999 28.1056897755,-97.1930956702999 28.1072621580999,-97.1915269840999 28.1085200475999,-97.1903861213999 28.1096835823,-97.1897443861 28.109715029,-97.1882826557999 28.1113187989,-97.1871774451 28.111696153,-97.1864644058999 28.1122936277,-97.1859652785 28.1128910989999,-97.1845035480999 28.1133313389,-97.1838261608999 28.1140545862,-97.1827209501999 28.1151551707,-97.1805105286999 28.1160670748999,-97.1803322689 28.1167274146,-97.1756618623 28.119463064,-97.1742001318999 28.1201233827,-97.1724531858999 28.1209094710999,-97.1703853723 28.1225445165,-97.1658575735 28.1260975098999,-97.1651445342999 28.1261918356,-97.1633262844 28.1270407626999,-97.1623636814999 28.1277324761999,-97.1620071618999 28.1283298614999,-97.1614010785999 28.1290215665999,-97.1609376030999 28.1298075897999,-97.160224564 28.1303106416,-97.1591906570999 28.1314110591,-97.1592619611 28.1318197828,-97.1587628335999 28.132259945,-97.1582637062 28.1327001053,-97.1570515396 28.1332974629,-97.1557680691 28.1349323194,-97.1536646035 28.1367557837,-97.1522741770999 28.1379504503,-97.1517750496 28.1386420934,-97.1520602652999 28.1392394179,-97.1471759469 28.1413143085999,-97.1451794371999 28.1409684963,-97.1416855452 28.1419116182,-97.1408298981999 28.1423517389,-97.1387977364999 28.1431376642999,-97.1375499179 28.1435149064,-97.136658619 28.1436092167,-97.1351255847 28.1438921471999,-97.1326299475999 28.1445208789,-97.1284230164 28.1458412035,-97.1273178057 28.1464070518999,-97.1258917273 28.1476016109,-97.1242517371999 28.1486704156,-97.1221482715999 28.1504307766,-97.1197952423 28.1519710686,-97.1190108992 28.1520653715,-97.1186900315999 28.1523797137999,-97.1180126442999 28.1531341316,-97.1149109238999 28.1548001188,-97.1140552769 28.1557431188999,-97.1049640272999 28.1607723125999,-97.1025396941 28.1618724172,-97.1021118705999 28.1625639057,-97.100864052 28.1629096483,-97.0995449294999 28.1635696993,-97.0976553757 28.1644811914999,-97.0960153854999 28.1649212194,-97.0946962631 28.1651726632,-97.0934840964 28.1664298729999,-97.0923432337999 28.1670899022,-97.0904893319 28.1677813569999,-97.0892415132999 28.1683470894999,-97.0863893565999 28.1688813895999,-97.0851058859999 28.1692271118,-97.0847137144999 28.1696985493,-97.0795085285 28.1724328461,-97.0777972343999 28.1729671258,-97.0759076805999 28.1738471100999,-97.0727703082 28.1747585148,-97.0724850925 28.1753242103,-97.0710233621999 28.1755442022,-97.0697755436 28.1759841846999,-97.0680285976 28.177052706,-97.0667094750999 28.177524109,-97.0652120927999 28.1778069498999,-97.0639642743 28.1781212166,-97.0623955881 28.1788754529,-97.0614686371 28.1793154217,-97.0600782106999 28.1797239624999,-97.0585095244999 28.1800382236,-97.0572260539999 28.1807924464,-97.055443456 28.1814838127,-97.0487408877 28.1833693343,-97.0466374221 28.1839349842999,-97.0454609075 28.1843120827,-97.0438209173999 28.1849720015,-97.0416817998 28.1855376431,-97.0396852900999 28.1860404329999,-97.0381166038999 28.1865117965,-97.0363696578999 28.1873602454,-97.0356566187 28.1878630267999,-97.0328757659 28.1876430601999,-97.0319131629999 28.1880829929,-97.0313783836 28.1890885464999,-97.0306296925 28.1891828167,-97.02931057 28.189622743,-97.0286688346999 28.1904083213,-97.0280270994999 28.190722551,-97.0269931926 28.1914452757,-97.026672325 28.1917909249999,-97.0263871093 28.1926707544,-97.0258879818999 28.1937076869,-97.0255314622999 28.1941475946,-97.0241410359 28.1952473559999,-97.0235706045999 28.1959386288,-97.0226793055999 28.1965042122999,-97.0221445261999 28.1975096866999,-97.021431487 28.1982637863,-97.0212888792 28.1991121418999,-97.0209323595999 28.1999290707,-97.0202549723999 28.2006831532,-97.0193636733999 28.2008088331,-97.0185793303 28.2014058106,-97.0187219381 28.2020027848,-97.0193280214 28.2025054972999,-97.0202193204 28.2025054972999,-97.0214671389999 28.2023483999,-97.0228219133999 28.2020342044,-97.0233210409 28.2015314896,-97.0243549477 28.2013429709999,-97.0268862367999 28.2013743908,-97.0280270994999 28.2012172917,-97.02931057 28.200871673,-97.0308792561999 28.2003061126,-97.0321983787 28.199614868,-97.0341592364 28.19898646,-97.0353000990999 28.1991435624,-97.0361913981 28.1995206070999,-97.0369400892 28.1997405492,-97.0373679127999 28.2007774130999,-97.0370470450999 28.2013429709999,-97.0364409617999 28.2019085258999,-97.0354070549999 28.2023169803999,-97.0340522805999 28.2026940139,-97.0321983787 28.2031024652999,-97.031877511 28.2035423344,-97.0313070796999 28.2037936872999,-97.0306653444 28.2040764585999,-97.0295601337 28.2044849048,-97.0287757905999 28.2049561868999,-97.0271714523999 28.2055531411999,-97.0261018937 28.2060244185999,-97.0256027661999 28.206307184,-97.0232497368999 28.2054588855,-97.0227506094999 28.2051446991,-97.0220019183999 28.2039193634999,-97.0215740949 28.2033224000999,-97.0125541492 28.2030396267,-97.0114132865 28.2030396267,-97.0097019924999 28.2030396267,-97.0085611298 28.2023169803999,-97.0084185218999 28.2016885882,-97.0082759140999 28.2005888931999,-97.0090602572 28.1997091289,-97.0102011199 28.1991749827999,-97.0115202423999 28.1985151515999,-97.010941603 28.1978985882999,-97.0091352370999 28.1975215378999,-97.0081845181999 28.1960971132,-97.007471479 28.1948402521,-97.0072813352 28.1932063106,-97.0070911913999 28.1916980347,-97.0070436554999 28.1903154297999,-97.0076140868 28.1893517855,-97.0085172697999 28.1884300307,-97.0089926291999 28.1869216874,-97.01003842 28.1855390208,-97.0111317468 28.1847429317999,-97.0137462237999 28.1839887369,-97.0165033085999 28.1836954374,-97.0174540274999 28.1833183369,-97.0173589556 28.178751125,-97.0186899620999 28.1770750351,-97.0186899620999 28.1762788831,-97.0176441713 28.1743513328999,-97.0176441713 28.1730104078,-97.0177867791 28.1682332258,-97.0184998183 28.1657188339,-97.0184047463999 28.1652159484,-97.0184998183 28.1642101702999,-97.0192603935 28.1632462908,-97.0190227136999 28.1622824025999,-97.0180244589 28.1622824025999,-97.0169786680999 28.1619890435999,-97.0163131647999 28.1613604144,-97.0153624458999 28.1601869634999,-97.0145543348999 28.1596840519999,-97.0145543348999 28.1590134996999,-97.0148395505 28.1586782219999,-97.014459263 28.1580914834,-97.0151723020999 28.1556606750999,-97.0158378053999 28.1536908417,-97.0165983805 28.1526430432,-97.0175490994 28.1519724467999,-97.0186424262 28.1510503698,-97.0213044391 28.1500444586999,-97.0220650141999 28.1508827185999,-97.0227780534 28.1515952343999,-97.0242041318 28.1519305343,-97.0262957134 28.1511761081,-97.0272464323 28.1506731542,-97.0276742557999 28.1500863718,-97.0238238441999 28.1490385379999,-97.0229206613 28.1482421774999,-97.0223977658999 28.1474877252,-97.0200209685999 28.1449309308,-97.0193079294 28.144260286,-97.0095155246 28.1393560689,-97.0090877011 28.138601554,-97.009182773 28.1373020993,-97.0098007402999 28.1361703032999,-97.0103236357 28.1352061714,-97.0093190022 28.1348662103999))","Copano Bay"
"Menidia beryllina","eatenBy","Bagre marinus",27.850581,-97.063523,,"Miles 1949",-671216400000,1588101,1588067,,,"Literature","Literature",,,,,,,,,,,"POLYGON((((-97.0635233496 27.8708788474999,-97.0631415244999 27.8708752559,-97.0627598346 27.8708644825999,-97.0623784148999 27.8708465312,-97.0619974003 27.8708214082999,-97.0578713455 27.8700760752999,-97.0612371258 27.8707496855,-97.0608581349 27.870703111,-97.0604800872 27.8706494157,-97.0601031164 27.8705886185,-97.0597273559999 27.8705207409,-97.0593529389 27.8704458069999,-97.0589799976 27.8703638432,-97.0586086641 27.8702748786,-97.0582390697999 27.8701789445999,-97.0578713455 27.8700760752999,-97.0575056212999 27.8699663069,-97.0571420266 27.8698496784,-97.0567806902 27.8697262311,-97.0564217399 27.8695960085,-97.0560653026 27.8694590568,-97.0557115045999 27.8693154245,-97.0553604711 27.8691651624,-97.0550123262 27.8690083235999,-97.0546671932 27.8688449636999,-97.0543251941 27.8686751404,-97.0539864500999 27.8684989139,-97.0536510809999 27.8683163466,-97.0533192055 27.8681275028999,-97.0529909411 27.8679324499,-97.0526664038 27.8677312563999,-97.0523457084999 27.8675239937,-97.0520289688 27.8673107352,-97.0517162966999 27.8670915561999,-97.0514078028 27.8668665344,-97.0511035963999 27.8666357494,-97.0508037849999 27.8663992829,-97.0505084748999 27.8661572185,-97.0502177703999 27.8659096419,-97.0499317744999 27.8656566406999,-97.0496505882999 27.8653983045,-97.0493743114 27.8651347246,-97.0491030415 27.8648659943999,-97.0488368747 27.8645922089,-97.0485759050999 27.8643134649999,-97.0483202250999 27.8640298613999,-97.0480699250999 27.8637414985,-97.0478250938 27.8634484781999,-97.0475858177999 27.8631509042999,-97.0473521817 27.862848882,-97.0471242681999 27.8625425183,-97.0469021579999 27.8622319215999,-97.0466859296 27.8619172016999,-97.0464756596999 27.8615984702,-97.0462714226 27.8612758396,-97.0460732906 27.8609494242999,-97.0458813336999 27.8606193397,-97.04569562 27.8602857025999,-97.0455162151999 27.8599486312,-97.0453431826999 27.8596082446,-97.0451765836999 27.8592646634,-97.0450164772999 27.8589180091,-97.04486292 27.8585684044,-97.0447159663 27.858215973,-97.0445756680999 27.8578608396999,-97.044442075 27.8575031301,-97.0443152345 27.8571429707999,-97.0478250938 27.8634484781999,-97.0475858177999 27.8631509042999,-97.0473521817 27.862848882,-97.0471242681999 27.8625425183,-97.0469021579999 27.8622319215999,-97.0466859296 27.8619172016999,-97.0464756596999 27.8615984702,-97.0462714226 27.8612758396,-97.0460732906 27.8609494242999,-97.0458813336999 27.8606193397,-97.04569562 27.8602857025999,-97.0455162151999 27.8599486312,-97.0453431826999 27.8596082446,-97.0451765836999 27.8592646634,-97.0450164772999 27.8589180091,-97.04486292 27.8585684044,-97.0447159663 27.858215973,-97.0445756680999 27.8578608396999,-97.044442075 27.8575031301,-97.0443152345 27.8571429707999,-97.0441951912 27.8567804891999,-97.0440819877999 27.8564158137,-97.0439756643 27.8560490732,-97.0438762582 27.8556803976,-97.0437838048 27.8553099173,-97.0436983368999 27.8549377633999,-97.0436198845 27.8545640677,-97.0435484756 27.8541889623,-97.0434841354 27.8538125801,-97.0434268866 27.8534350541,-97.0433767494999 27.8530565181,-97.0433337417999 27.8526771059,-97.0432978788 27.8522969518,-97.0432691732 27.8519161904,-97.0432476351 27.8515349563999,-97.0432332720999 27.8511533847,-97.0432260893 27.8507716103,-97.0432260893 27.8503897683999,-97.0432332720999 27.8500079939999,-97.0432476351 27.8496264222999,-97.0432691732 27.8492451882,-97.0432978788 27.8488644267999,-97.0433337417999 27.8484842728,-97.0433767494999 27.8481048605999,-97.0434268866 27.8477263245,-97.0434841354 27.8473487985999,-97.0435484756 27.8469724163,-97.0436198845 27.846597311,-97.0436983368999 27.8462236152,-97.0437838048 27.8458514613999,-97.0438762582 27.8454809811,-97.0439756643 27.8451123054999,-97.0440819877999 27.844745565,-97.0441951912 27.8443808894999,-97.0443152345 27.8440184078999,-97.044442075 27.8436582486,-97.0445756680999 27.8433005388999,-97.0447159663 27.8429454055999,-97.04486292 27.8425929741999,-97.0450164772999 27.8422433695999,-97.0451765836999 27.8418967152999,-97.0453431826999 27.841553134,-97.0455162151999 27.8412127474999,-97.04569562 27.840875676,-97.0458813336999 27.8405420389999,-97.0460732906 27.8402119544,-97.0462714226 27.839885539,-97.0464756596999 27.8395629085,-97.0466859296 27.8392441768999,-97.0469021579999 27.8389294571,-97.0471242681999 27.8386188602999,-97.0473521817 27.8383124966,-97.0475858177999 27.8380104744,-97.0478250938 27.8377129005,-97.0480699250999 27.8374198801999,-97.0483202250999 27.8371315172,-97.0485759050999 27.8368479136,-97.0488368747 27.8365691698,-97.0491030415 27.8362953843,-97.0493743114 27.8360266540999,-97.0496505882999 27.8357630741999,-97.0499317744999 27.835504738,-97.0502177703999 27.8352517368,-97.0505084748999 27.8350041602,-97.0508037849999 27.8347620957999,-97.0511035963999 27.8345256292,-97.0514078028 27.8342948441999,-97.0517162966999 27.8340698224,-97.0520289688 27.8338506435,-97.0523457084999 27.8336373849,-97.0526664038 27.8334301221999,-97.0529909411 27.8332289288,-97.0533192055 27.8330338757,-97.0536510809999 27.8328450321,-97.0539864500999 27.8326624647,-97.0543251941 27.8324862382,-97.0546671932 27.832316415,-97.0550123262 27.8321530551,-97.0553604711 27.8319962162999,-97.0557115045999 27.8318459541,-97.0560653026 27.8317023218,-97.0564217399 27.8315653701,-97.0567806902 27.8314351476,-97.0571420266 27.8313117002,-97.0575056212999 27.8311950717,-97.0578713455 27.8310853033999,-97.0582390697999 27.8309824339999,-97.0586086641 27.8308865001,-97.0589799976 27.8307975355,-97.0593529389 27.8307155717,-97.0597273559999 27.8306406377999,-97.0601031164 27.8305727601999,-97.0604800872 27.8305119629999,-97.0608581349 27.8304582676,-97.0612371258 27.8304116931999,-97.0616169256999 27.8303722560999,-97.0619974003 27.8303399704,-97.0623784148999 27.8303148474,-97.0627598346 27.8302968960999,-97.0631415244999 27.8302861226999,-97.0635233496 27.8302825312,-97.0639051745999 27.8302861226999,-97.0642868646 27.8302968960999,-97.0646682842999 27.8303148474,-97.0650492989 27.8303399704,-97.0654297733999 27.8303722560999,-97.0658095734 27.8304116931999,-97.0661885643 27.8304582676,-97.066566612 27.8305119629999,-97.0669435827999 27.8305727601999,-97.0673193431999 27.8306406377999,-97.0676937603 27.8307155717,-97.0680667016 27.8307975355,-97.0684380351 27.8308865001,-97.0688076293999 27.8309824339999,-97.0691753537 27.8310853033999,-97.0695410778999 27.8311950717,-97.0699046725 27.8313117002,-97.0702660089999 27.8314351476,-97.0706249593 27.8315653701,-97.0709813965 27.8317023218,-97.0713351944999 27.8318459541,-97.0716862281 27.8319962162999,-97.0720343729999 27.8321530551,-97.072379506 27.832316415,-97.072721505 27.8324862382,-97.0730602489999 27.8326624647,-97.0733956180999 27.8328450321,-97.0737274936 27.8330338757,-97.0740557581 27.8332289288,-97.0743802954 27.8334301221999,-97.0747009906999 27.8336373849,-97.0750177304 27.8338506435,-97.0753304025 27.8340698224,-97.0756388963999 27.8342948441999,-97.0759431027999 27.8345256292,-97.0762429141 27.8347620957999,-97.0765382242999 27.8350041602,-97.0768289287999 27.8352517368,-97.0771149246999 27.835504738,-97.0773961108999 27.8357630741999,-97.0776723878 27.8360266540999,-97.0779436576 27.8362953843,-97.0782098244 27.8365691698,-97.0784707939999 27.8368479136,-97.0787264740999 27.8371315172,-97.0789767739999 27.8374198801999,-97.0792216053999 27.8377129005,-97.0794608813999 27.8380104744,-97.0796945175 27.8383124966,-97.079922431 27.8386188602999,-97.0801445411999 27.8389294571,-97.0803607695 27.8392441768999,-97.0805710393999 27.8395629085,-97.0807752765999 27.839885539,-97.0809734086 27.8402119544,-97.0811653653999 27.8405420389999,-97.0813510791 27.840875676,-97.0815304839999 27.8412127474999,-97.0817035164999 27.841553134,-97.0818701154999 27.8418967152999,-97.0820302218999 27.8422433695999,-97.0821837791999 27.8425929741999,-97.0823307329 27.8429454055999,-97.0824710310999 27.8433005388999,-97.0826046241 27.8436582486,-97.0827314647 27.8440184078999,-97.0828515079 27.8443808894999,-97.0829647113999 27.844745565,-97.0830710349 27.8451123054999,-97.0831704409999 27.8454809811,-97.0832628943 27.8458514613999,-97.0833483623 27.8462236152,-97.0834268146 27.846597311,-97.0834982235 27.8469724163,-97.0835625638 27.8473487985999,-97.0836198126 27.8477263245,-97.0836699496999 27.8481048605999,-97.0837129572999 27.8484842728,-97.0837488203 27.8488644267999,-97.083777526 27.8492451882,-97.0837990641 27.8496264222999,-97.0838134270999 27.8500079939999,-97.0838206098 27.8503897683999,-97.0838206098 27.8507716103,-97.0838134270999 27.8511533847,-97.0837990641 27.8515349563999,-97.083777526 27.8519161904,-97.0837488203 27.8522969518,-97.0837129572999 27.8526771059,-97.0836699496999 27.8530565181,-97.0836198126 27.8534350541,-97.0835625638 27.8538125801,-97.0834982235 27.8541889623,-97.0834268146 27.8545640677,-97.0833483623 27.8549377633999,-97.0832628943 27.8553099173,-97.0831704409999 27.8556803976,-97.0830710349 27.8560490732,-97.0829647113999 27.8564158137,-97.0828515079 27.8567804891999,-97.0827314647 27.8571429707999,-97.0826046241 27.8575031301,-97.0824710310999 27.8578608396999,-97.0823307329 27.858215973,-97.0821837791999 27.8585684044,-97.0820302218999 27.8589180091,-97.0818701154999 27.8592646634,-97.0817035164999 27.8596082446,-97.0815304839999 27.8599486312,-97.0813510791 27.8602857025999,-97.0811653653999 27.8606193397,-97.0809734086 27.8609494242999,-97.0807752765999 27.8612758396,-97.0805710393999 27.8615984702,-97.0803607695 27.8619172016999,-97.0801445411999 27.8622319215999,-97.079922431 27.8625425183,-97.0796945175 27.862848882,-97.0794608813999 27.8631509042999,-97.0792216053999 27.8634484781999,-97.0789767739999 27.8637414985,-97.0787264740999 27.8640298613999,-97.0784707939999 27.8643134649999,-97.0782098244 27.8645922089,-97.0779436576 27.8648659943999,-97.0776723878 27.8651347246,-97.0773961108999 27.8653983045,-97.0771149246999 27.8656566406999,-97.0768289287999 27.8659096419,-97.0765382242999 27.8661572185,-97.0762429141 27.8663992829,-97.0759431027999 27.8666357494,-97.0756388963999 27.8668665344,-97.0753304025 27.8670915561999,-97.0750177304 27.8673107352,-97.0747009906999 27.8675239937,-97.0743802954 27.8677312563999,-97.0740557581 27.8679324499,-97.0737274936 27.8681275028999,-97.0733956180999 27.8683163466,-97.0730602489999 27.8684989139,-97.072721505 27.8686751404,-97.072379506 27.8688449636999,-97.0720343729999 27.8690083235999,-97.0716862281 27.8691651624,-97.0713351944999 27.8693154245,-97.0709813965 27.8694590568,-97.0706249593 27.8695960085,-97.0702660089999 27.8697262311,-97.0699046725 27.8698496784,-97.0695410778999 27.8699663069,-97.0691753537 27.8700760752999,-97.0688076293999 27.8701789445999,-97.0684380351 27.8702748786,-97.0680667016 27.8703638432,-97.0676937603 27.8704458069999,-97.0673193431999 27.8705207409,-97.0669435827999 27.8705886185,-97.066566612 27.8706494157,-97.0661885643 27.870703111,-97.0658095734 27.8707496855,-97.0654297733999 27.8707891225,-97.0650492989 27.8708214082999,-97.0646682842999 27.8708465312,-97.0642868646 27.8708644825999,-97.0639051745999 27.8708752559,-97.0635233496 27.8708788474999))","Lydia Ann Channel at Port Aransas"
"Menidia beryllina","eatenBy","Menticirrhus americanus",27.850581,-97.063523,,"Miles 1949",-671216400000,1588680,1588660,,,"Literature","Literature",,,,,,,,,,,"POLYGON((((-97.0635233496 27.8708788474999,-97.0631415244999 27.8708752559,-97.0627598346 27.8708644825999,-97.0623784148999 27.8708465312,-97.0619974003 27.8708214082999,-97.0578713455 27.8700760752999,-97.0612371258 27.8707496855,-97.0608581349 27.870703111,-97.0604800872 27.8706494157,-97.0601031164 27.8705886185,-97.0597273559999 27.8705207409,-97.0593529389 27.8704458069999,-97.0589799976 27.8703638432,-97.0586086641 27.8702748786,-97.0582390697999 27.8701789445999,-97.0578713455 27.8700760752999,-97.0575056212999 27.8699663069,-97.0571420266 27.8698496784,-97.0567806902 27.8697262311,-97.0564217399 27.8695960085,-97.0560653026 27.8694590568,-97.0557115045999 27.8693154245,-97.0553604711 27.8691651624,-97.0550123262 27.8690083235999,-97.0546671932 27.8688449636999,-97.0543251941 27.8686751404,-97.0539864500999 27.8684989139,-97.0536510809999 27.8683163466,-97.0533192055 27.8681275028999,-97.0529909411 27.8679324499,-97.0526664038 27.8677312563999,-97.0523457084999 27.8675239937,-97.0520289688 27.8673107352,-97.0517162966999 27.8670915561999,-97.0514078028 27.8668665344,-97.0511035963999 27.8666357494,-97.0508037849999 27.8663992829,-97.0505084748999 27.8661572185,-97.0502177703999 27.8659096419,-97.0499317744999 27.8656566406999,-97.0496505882999 27.8653983045,-97.0493743114 27.8651347246,-97.0491030415 27.8648659943999,-97.0488368747 27.8645922089,-97.0485759050999 27.8643134649999,-97.0483202250999 27.8640298613999,-97.0480699250999 27.8637414985,-97.0478250938 27.8634484781999,-97.0475858177999 27.8631509042999,-97.0473521817 27.862848882,-97.0471242681999 27.8625425183,-97.0469021579999 27.8622319215999,-97.0466859296 27.8619172016999,-97.0464756596999 27.8615984702,-97.0462714226 27.8612758396,-97.0460732906 27.8609494242999,-97.0458813336999 27.8606193397,-97.04569562 27.8602857025999,-97.0455162151999 27.8599486312,-97.0453431826999 27.8596082446,-97.0451765836999 27.8592646634,-97.0450164772999 27.8589180091,-97.04486292 27.8585684044,-97.0447159663 27.858215973,-97.0445756680999 27.8578608396999,-97.044442075 27.8575031301,-97.0443152345 27.8571429707999,-97.0478250938 27.8634484781999,-97.0475858177999 27.8631509042999,-97.0473521817 27.862848882,-97.0471242681999 27.8625425183,-97.0469021579999 27.8622319215999,-97.0466859296 27.8619172016999,-97.0464756596999 27.8615984702,-97.0462714226 27.8612758396,-97.0460732906 27.8609494242999,-97.0458813336999 27.8606193397,-97.04569562 27.8602857025999,-97.0455162151999 27.8599486312,-97.0453431826999 27.8596082446,-97.0451765836999 27.8592646634,-97.0450164772999 27.8589180091,-97.04486292 27.8585684044,-97.0447159663 27.858215973,-97.0445756680999 27.8578608396999,-97.044442075 27.8575031301,-97.0443152345 27.8571429707999,-97.0441951912 27.8567804891999,-97.0440819877999 27.8564158137,-97.0439756643 27.8560490732,-97.0438762582 27.8556803976,-97.0437838048 27.8553099173,-97.0436983368999 27.8549377633999,-97.0436198845 27.8545640677,-97.0435484756 27.8541889623,-97.0434841354 27.8538125801,-97.0434268866 27.8534350541,-97.0433767494999 27.8530565181,-97.0433337417999 27.8526771059,-97.0432978788 27.8522969518,-97.0432691732 27.8519161904,-97.0432476351 27.8515349563999,-97.0432332720999 27.8511533847,-97.0432260893 27.8507716103,-97.0432260893 27.8503897683999,-97.0432332720999 27.8500079939999,-97.0432476351 27.8496264222999,-97.0432691732 27.8492451882,-97.0432978788 27.8488644267999,-97.0433337417999 27.8484842728,-97.0433767494999 27.8481048605999,-97.0434268866 27.8477263245,-97.0434841354 27.8473487985999,-97.0435484756 27.8469724163,-97.0436198845 27.846597311,-97.0436983368999 27.8462236152,-97.0437838048 27.8458514613999,-97.0438762582 27.8454809811,-97.0439756643 27.8451123054999,-97.0440819877999 27.844745565,-97.0441951912 27.8443808894999,-97.0443152345 27.8440184078999,-97.044442075 27.8436582486,-97.0445756680999 27.8433005388999,-97.0447159663 27.8429454055999,-97.04486292 27.8425929741999,-97.0450164772999 27.8422433695999,-97.0451765836999 27.8418967152999,-97.0453431826999 27.841553134,-97.0455162151999 27.8412127474999,-97.04569562 27.840875676,-97.0458813336999 27.8405420389999,-97.0460732906 27.8402119544,-97.0462714226 27.839885539,-97.0464756596999 27.8395629085,-97.0466859296 27.8392441768999,-97.0469021579999 27.8389294571,-97.0471242681999 27.8386188602999,-97.0473521817 27.8383124966,-97.0475858177999 27.8380104744,-97.0478250938 27.8377129005,-97.0480699250999 27.8374198801999,-97.0483202250999 27.8371315172,-97.0485759050999 27.8368479136,-97.0488368747 27.8365691698,-97.0491030415 27.8362953843,-97.0493743114 27.8360266540999,-97.0496505882999 27.8357630741999,-97.0499317744999 27.835504738,-97.0502177703999 27.8352517368,-97.0505084748999 27.8350041602,-97.0508037849999 27.8347620957999,-97.0511035963999 27.8345256292,-97.0514078028 27.8342948441999,-97.0517162966999 27.8340698224,-97.0520289688 27.8338506435,-97.0523457084999 27.8336373849,-97.0526664038 27.8334301221999,-97.0529909411 27.8332289288,-97.0533192055 27.8330338757,-97.0536510809999 27.8328450321,-97.0539864500999 27.8326624647,-97.0543251941 27.8324862382,-97.0546671932 27.832316415,-97.0550123262 27.8321530551,-97.0553604711 27.8319962162999,-97.0557115045999 27.8318459541,-97.0560653026 27.8317023218,-97.0564217399 27.8315653701,-97.0567806902 27.8314351476,-97.0571420266 27.8313117002,-97.0575056212999 27.8311950717,-97.0578713455 27.8310853033999,-97.0582390697999 27.8309824339999,-97.0586086641 27.8308865001,-97.0589799976 27.8307975355,-97.0593529389 27.8307155717,-97.0597273559999 27.8306406377999,-97.0601031164 27.8305727601999,-97.0604800872 27.8305119629999,-97.0608581349 27.8304582676,-97.0612371258 27.8304116931999,-97.0616169256999 27.8303722560999,-97.0619974003 27.8303399704,-97.0623784148999 27.8303148474,-97.0627598346 27.8302968960999,-97.0631415244999 27.8302861226999,-97.0635233496 27.8302825312,-97.0639051745999 27.8302861226999,-97.0642868646 27.8302968960999,-97.0646682842999 27.8303148474,-97.0650492989 27.8303399704,-97.0654297733999 27.8303722560999,-97.0658095734 27.8304116931999,-97.0661885643 27.8304582676,-97.066566612 27.8305119629999,-97.0669435827999 27.8305727601999,-97.0673193431999 27.8306406377999,-97.0676937603 27.8307155717,-97.0680667016 27.8307975355,-97.0684380351 27.8308865001,-97.0688076293999 27.8309824339999,-97.0691753537 27.8310853033999,-97.0695410778999 27.8311950717,-97.0699046725 27.8313117002,-97.0702660089999 27.8314351476,-97.0706249593 27.8315653701,-97.0709813965 27.8317023218,-97.0713351944999 27.8318459541,-97.0716862281 27.8319962162999,-97.0720343729999 27.8321530551,-97.072379506 27.832316415,-97.072721505 27.8324862382,-97.0730602489999 27.8326624647,-97.0733956180999 27.8328450321,-97.0737274936 27.8330338757,-97.0740557581 27.8332289288,-97.0743802954 27.8334301221999,-97.0747009906999 27.8336373849,-97.0750177304 27.8338506435,-97.0753304025 27.8340698224,-97.0756388963999 27.8342948441999,-97.0759431027999 27.8345256292,-97.0762429141 27.8347620957999,-97.0765382242999 27.8350041602,-97.0768289287999 27.8352517368,-97.0771149246999 27.835504738,-97.0773961108999 27.8357630741999,-97.0776723878 27.8360266540999,-97.0779436576 27.8362953843,-97.0782098244 27.8365691698,-97.0784707939999 27.8368479136,-97.0787264740999 27.8371315172,-97.0789767739999 27.8374198801999,-97.0792216053999 27.8377129005,-97.0794608813999 27.8380104744,-97.0796945175 27.8383124966,-97.079922431 27.8386188602999,-97.0801445411999 27.8389294571,-97.0803607695 27.8392441768999,-97.0805710393999 27.8395629085,-97.0807752765999 27.839885539,-97.0809734086 27.8402119544,-97.0811653653999 27.8405420389999,-97.0813510791 27.840875676,-97.0815304839999 27.8412127474999,-97.0817035164999 27.841553134,-97.0818701154999 27.8418967152999,-97.0820302218999 27.8422433695999,-97.0821837791999 27.8425929741999,-97.0823307329 27.8429454055999,-97.0824710310999 27.8433005388999,-97.0826046241 27.8436582486,-97.0827314647 27.8440184078999,-97.0828515079 27.8443808894999,-97.0829647113999 27.844745565,-97.0830710349 27.8451123054999,-97.0831704409999 27.8454809811,-97.0832628943 27.8458514613999,-97.0833483623 27.8462236152,-97.0834268146 27.846597311,-97.0834982235 27.8469724163,-97.0835625638 27.8473487985999,-97.0836198126 27.8477263245,-97.0836699496999 27.8481048605999,-97.0837129572999 27.8484842728,-97.0837488203 27.8488644267999,-97.083777526 27.8492451882,-97.0837990641 27.8496264222999,-97.0838134270999 27.8500079939999,-97.0838206098 27.8503897683999,-97.0838206098 27.8507716103,-97.0838134270999 27.8511533847,-97.0837990641 27.8515349563999,-97.083777526 27.8519161904,-97.0837488203 27.8522969518,-97.0837129572999 27.8526771059,-97.0836699496999 27.8530565181,-97.0836198126 27.8534350541,-97.0835625638 27.8538125801,-97.0834982235 27.8541889623,-97.0834268146 27.8545640677,-97.0833483623 27.8549377633999,-97.0832628943 27.8553099173,-97.0831704409999 27.8556803976,-97.0830710349 27.8560490732,-97.0829647113999 27.8564158137,-97.0828515079 27.8567804891999,-97.0827314647 27.8571429707999,-97.0826046241 27.8575031301,-97.0824710310999 27.8578608396999,-97.0823307329 27.858215973,-97.0821837791999 27.8585684044,-97.0820302218999 27.8589180091,-97.0818701154999 27.8592646634,-97.0817035164999 27.8596082446,-97.0815304839999 27.8599486312,-97.0813510791 27.8602857025999,-97.0811653653999 27.8606193397,-97.0809734086 27.8609494242999,-97.0807752765999 27.8612758396,-97.0805710393999 27.8615984702,-97.0803607695 27.8619172016999,-97.0801445411999 27.8622319215999,-97.079922431 27.8625425183,-97.0796945175 27.862848882,-97.0794608813999 27.8631509042999,-97.0792216053999 27.8634484781999,-97.0789767739999 27.8637414985,-97.0787264740999 27.8640298613999,-97.0784707939999 27.8643134649999,-97.0782098244 27.8645922089,-97.0779436576 27.8648659943999,-97.0776723878 27.8651347246,-97.0773961108999 27.8653983045,-97.0771149246999 27.8656566406999,-97.0768289287999 27.8659096419,-97.0765382242999 27.8661572185,-97.0762429141 27.8663992829,-97.0759431027999 27.8666357494,-97.0756388963999 27.8668665344,-97.0753304025 27.8670915561999,-97.0750177304 27.8673107352,-97.0747009906999 27.8675239937,-97.0743802954 27.8677312563999,-97.0740557581 27.8679324499,-97.0737274936 27.8681275028999,-97.0733956180999 27.8683163466,-97.0730602489999 27.8684989139,-97.072721505 27.8686751404,-97.072379506 27.8688449636999,-97.0720343729999 27.8690083235999,-97.0716862281 27.8691651624,-97.0713351944999 27.8693154245,-97.0709813965 27.8694590568,-97.0706249593 27.8695960085,-97.0702660089999 27.8697262311,-97.0699046725 27.8698496784,-97.0695410778999 27.8699663069,-97.0691753537 27.8700760752999,-97.0688076293999 27.8701789445999,-97.0684380351 27.8702748786,-97.0680667016 27.8703638432,-97.0676937603 27.8704458069999,-97.0673193431999 27.8705207409,-97.0669435827999 27.8705886185,-97.066566612 27.8706494157,-97.0661885643 27.870703111,-97.0658095734 27.8707496855,-97.0654297733999 27.8707891225,-97.0650492989 27.8708214082999,-97.0646682842999 27.8708465312,-97.0642868646 27.8708644825999,-97.0639051745999 27.8708752559,-97.0635233496 27.8708788474999))","Lydia Ann Channel at Port Aransas"
"Menidia beryllina","eatenBy","Elops saurus",25.358911,-80.900499,,"Odum 1970",-65811600000,1627125,1627115,,,"Literature","Literature",,,,,,,,,,,"POLYGON((-80.8997147625999 25.3548821677,-80.9003364027999 25.3549240378999,-80.9009269291999 25.3553332147,-80.9011170729999 25.355999043,-80.9012359129 25.3566648675999,-80.9013072168 25.3573521665,-80.9012834488 25.3579750277999,-80.901140841 25.358469019,-80.9010457690999 25.3590918746,-80.9012834488 25.3596073388,-80.9014022886999 25.3604879184,-80.9016399684 25.3612825824,-80.9017350402999 25.3622275813,-80.9012121449 25.3627430322,-80.9005704096999 25.3628074633999,-80.8999748728 25.3626778126,-80.8998408596 25.3622222489,-80.8998958146 25.36111732,-80.8998336024999 25.3600368906,-80.8996909946999 25.3590703968,-80.8996653549999 25.3583200496,-80.8995776497 25.3579026517,-80.8995483868 25.3572447763,-80.8994770829 25.3566004330999,-80.8994533149 25.3559131298999,-80.8995008508999 25.3551613875))","Head Waters"
"Menidia beryllina","eatenBy","Elops saurus",25.344602,-80.907731,,"Odum 1970",-65811600000,1627111,1627101,,,"Literature","Literature",,,,,,,,,,,"POLYGON((-80.9051152181999 25.3444142283,-80.9059955233999 25.3442672436,-80.9065500926 25.3441459348999,-80.90736696 25.3439401107999,-80.9082535076999 25.3436048093999,-80.9090729142999 25.3435385842,-80.9094935381999 25.3437251500999,-80.9096614463999 25.3440278687,-80.9096112841999 25.3443673889,-80.9092833485999 25.3446684478,-80.9088662806999 25.3449833799,-80.9082720444999 25.3452638495999,-80.9078129182999 25.3453914599,-80.9072185139999 25.3454631433,-80.9068551327 25.3455346749,-80.9064495506 25.3456800728,-80.9060242859 25.3458738604999,-80.9055003564999 25.3459964203999,-80.9050214636999 25.3460680274999,-80.9046270566999 25.3460962945,-80.9041143024 25.3461017238999,-80.9036212305999 25.3460587635,-80.9033056378 25.3459978632999,-80.9028519311 25.3458581229999,-80.9024771226 25.3457336077,-80.9020712882999 25.3455658278,-80.9019595288 25.3452093814999,-80.9019381633 25.3449360291999,-80.9022170692999 25.3446694790999,-80.9026480747999 25.3445210068999,-80.9030660213999 25.3445673199,-80.9037008667 25.3445215271,-80.9042430422999 25.3444824187999))","Juncus Marsh"
"Menidia beryllina","eatenBy","Elops saurus",25.309291,-80.939226,,"Odum 1970",-65811600000,1627097,1627087,,,"Literature","Literature",,,,,,,,,,,"POLYGON((-80.937463996 25.3104702089,-80.9374146575 25.3099161160999,-80.9379892282999 25.3090128639,-80.9386428475 25.3084219805999,-80.9396149576 25.307864399,-80.9406382483 25.3079616704999,-80.9410575647 25.3085365013999,-80.9406845163999 25.3093985478999,-80.9398716517 25.3100947099,-80.9392194201 25.3105260246,-80.9384051692999 25.3107022509999))","Mangrove Pond"
"Menidia beryllina","eatenBy","Elops saurus",25.293763,-81.018346,,"Odum 1970",-65811600000,1627069,1627059,,,"Literature","Literature",,,,,,,,,,,"POLYGON((-81.0151964777 25.2954178564999,-81.0192370330999 25.2876815619,-81.0214949905 25.2878964655999,-81.0224457094 25.2897231319999,-81.0180486345 25.2987486090999,-81.0157906771 25.2989634931999,-81.0142457588 25.2981039543999))","Whitewater Bay"
"Menidia beryllina","eatenBy","Elops saurus",25.306077,-80.949414,,"Odum 1970",-65811600000,1627083,1627073,,,"Literature","Literature",,,,,,,,,,,"POLYGON((-80.9447321696 25.3092330132,-80.9445610472999 25.3085755492,-80.9452455364999 25.3081501288999,-80.9469567608 25.3069898864999,-80.9483257392 25.3058296329999,-80.9498658404999 25.3051334748,-80.9510319527999 25.3051516499,-80.9507214518999 25.3060616839999,-80.9501225244 25.3066031361,-80.9493524733999 25.3068351856,-80.9478123725999 25.3081501288999,-80.9460155873999 25.3089236187,-80.9456627677 25.3092352417,-80.9451774280999 25.3093537688999))","Main River Channel"
"Menidia beryllina","eatenBy","Bairdiella chrysoura",25.344602,-80.907731,,"Odum 1970",-65811600000,1626284,1626278,"larval stage","larval stage","Literature","Literature",,,,,,,,,,,"POLYGON((-80.9051152181999 25.3444142283,-80.9059955233999 25.3442672436,-80.9065500926 25.3441459348999,-80.90736696 25.3439401107999,-80.9082535076999 25.3436048093999,-80.9090729142999 25.3435385842,-80.9094935381999 25.3437251500999,-80.9096614463999 25.3440278687,-80.9096112841999 25.3443673889,-80.9092833485999 25.3446684478,-80.9088662806999 25.3449833799,-80.9082720444999 25.3452638495999,-80.9078129182999 25.3453914599,-80.9072185139999 25.3454631433,-80.9068551327 25.3455346749,-80.9064495506 25.3456800728,-80.9060242859 25.3458738604999,-80.9055003564999 25.3459964203999,-80.9050214636999 25.3460680274999,-80.9046270566999 25.3460962945,-80.9041143024 25.3461017238999,-80.9036212305999 25.3460587635,-80.9033056378 25.3459978632999,-80.9028519311 25.3458581229999,-80.9024771226 25.3457336077,-80.9020712882999 25.3455658278,-80.9019595288 25.3452093814999,-80.9019381633 25.3449360291999,-80.9022170692999 25.3446694790999,-80.9026480747999 25.3445210068999,-80.9030660213999 25.3445673199,-80.9037008667 25.3445215271,-80.9042430422999 25.3444824187999))","Juncus Marsh"
"Menidia beryllina","eatenBy","Bairdiella chrysoura",25.358911,-80.900499,,"Odum 1970",-65811600000,1626292,1626286,"larval stage","larval stage","Literature","Literature",,,,,,,,,,,"POLYGON((-80.8997147625999 25.3548821677,-80.9003364027999 25.3549240378999,-80.9009269291999 25.3553332147,-80.9011170729999 25.355999043,-80.9012359129 25.3566648675999,-80.9013072168 25.3573521665,-80.9012834488 25.3579750277999,-80.901140841 25.358469019,-80.9010457690999 25.3590918746,-80.9012834488 25.3596073388,-80.9014022886999 25.3604879184,-80.9016399684 25.3612825824,-80.9017350402999 25.3622275813,-80.9012121449 25.3627430322,-80.9005704096999 25.3628074633999,-80.8999748728 25.3626778126,-80.8998408596 25.3622222489,-80.8998958146 25.36111732,-80.8998336024999 25.3600368906,-80.8996909946999 25.3590703968,-80.8996653549999 25.3583200496,-80.8995776497 25.3579026517,-80.8995483868 25.3572447763,-80.8994770829 25.3566004330999,-80.8994533149 25.3559131298999,-80.8995008508999 25.3551613875))","Head Waters"
"Menidia beryllina","eatenBy","Bairdiella chrysoura",25.306077,-80.949414,,"Odum 1970",-65811600000,1626268,1626262,"larval stage","larval stage","Literature","Literature",,,,,,,,,,,"POLYGON((-80.9447321696 25.3092330132,-80.9445610472999 25.3085755492,-80.9452455364999 25.3081501288999,-80.9469567608 25.3069898864999,-80.9483257392 25.3058296329999,-80.9498658404999 25.3051334748,-80.9510319527999 25.3051516499,-80.9507214518999 25.3060616839999,-80.9501225244 25.3066031361,-80.9493524733999 25.3068351856,-80.9478123725999 25.3081501288999,-80.9460155873999 25.3089236187,-80.9456627677 25.3092352417,-80.9451774280999 25.3093537688999))","Main River Channel"
"Menidia beryllina","eatenBy","Bairdiella chrysoura",25.309291,-80.939226,,"Odum 1970",-65811600000,1626276,1626270,"larval stage","larval stage","Literature","Literature",,,,,,,,,,,"POLYGON((-80.937463996 25.3104702089,-80.9374146575 25.3099161160999,-80.9379892282999 25.3090128639,-80.9386428475 25.3084219805999,-80.9396149576 25.307864399,-80.9406382483 25.3079616704999,-80.9410575647 25.3085365013999,-80.9406845163999 25.3093985478999,-80.9398716517 25.3100947099,-80.9392194201 25.3105260246,-80.9384051692999 25.3107022509999))","Mangrove Pond"
"Menidia beryllina","eatenBy","Sphyraena barracuda",25.293763,-81.018346,,"Odum 1970",-65811600000,1629399,1629395,,,"Literature","Literature",,,,,,,,,,,"POLYGON((-81.0151964777 25.2954178564999,-81.0192370330999 25.2876815619,-81.0214949905 25.2878964655999,-81.0224457094 25.2897231319999,-81.0180486345 25.2987486090999,-81.0157906771 25.2989634931999,-81.0142457588 25.2981039543999))","Whitewater Bay"
"Menidia beryllina","eatenBy","Sphyraena barracuda",25.306077,-80.949414,,"Odum 1970",-65811600000,1629409,1629405,,,"Literature","Literature",,,,,,,,,,,"POLYGON((-80.9447321696 25.3092330132,-80.9445610472999 25.3085755492,-80.9452455364999 25.3081501288999,-80.9469567608 25.3069898864999,-80.9483257392 25.3058296329999,-80.9498658404999 25.3051334748,-80.9510319527999 25.3051516499,-80.9507214518999 25.3060616839999,-80.9501225244 25.3066031361,-80.9493524733999 25.3068351856,-80.9478123725999 25.3081501288999,-80.9460155873999 25.3089236187,-80.9456627677 25.3092352417,-80.9451774280999 25.3093537688999))","Main River Channel"
"Menidia beryllina","eatenBy","Sphyraena barracuda",25.358911,-80.900499,,"Odum 1970",-65811600000,1629439,1629435,,,"Literature","Literature",,,,,,,,,,,"POLYGON((-80.8997147625999 25.3548821677,-80.9003364027999 25.3549240378999,-80.9009269291999 25.3553332147,-80.9011170729999 25.355999043,-80.9012359129 25.3566648675999,-80.9013072168 25.3573521665,-80.9012834488 25.3579750277999,-80.901140841 25.358469019,-80.9010457690999 25.3590918746,-80.9012834488 25.3596073388,-80.9014022886999 25.3604879184,-80.9016399684 25.3612825824,-80.9017350402999 25.3622275813,-80.9012121449 25.3627430322,-80.9005704096999 25.3628074633999,-80.8999748728 25.3626778126,-80.8998408596 25.3622222489,-80.8998958146 25.36111732,-80.8998336024999 25.3600368906,-80.8996909946999 25.3590703968,-80.8996653549999 25.3583200496,-80.8995776497 25.3579026517,-80.8995483868 25.3572447763,-80.8994770829 25.3566004330999,-80.8994533149 25.3559131298999,-80.8995008508999 25.3551613875))","Head Waters"
"Menidia beryllina","eatenBy","Sphyraena barracuda",25.344602,-80.907731,,"Odum 1970",-65811600000,1629429,1629425,,,"Literature","Literature",,,,,,,,,,,"POLYGON((-80.9051152181999 25.3444142283,-80.9059955233999 25.3442672436,-80.9065500926 25.3441459348999,-80.90736696 25.3439401107999,-80.9082535076999 25.3436048093999,-80.9090729142999 25.3435385842,-80.9094935381999 25.3437251500999,-80.9096614463999 25.3440278687,-80.9096112841999 25.3443673889,-80.9092833485999 25.3446684478,-80.9088662806999 25.3449833799,-80.9082720444999 25.3452638495999,-80.9078129182999 25.3453914599,-80.9072185139999 25.3454631433,-80.9068551327 25.3455346749,-80.9064495506 25.3456800728,-80.9060242859 25.3458738604999,-80.9055003564999 25.3459964203999,-80.9050214636999 25.3460680274999,-80.9046270566999 25.3460962945,-80.9041143024 25.3461017238999,-80.9036212305999 25.3460587635,-80.9033056378 25.3459978632999,-80.9028519311 25.3458581229999,-80.9024771226 25.3457336077,-80.9020712882999 25.3455658278,-80.9019595288 25.3452093814999,-80.9019381633 25.3449360291999,-80.9022170692999 25.3446694790999,-80.9026480747999 25.3445210068999,-80.9030660213999 25.3445673199,-80.9037008667 25.3445215271,-80.9042430422999 25.3444824187999))","Juncus Marsh"
"Menidia beryllina","eatenBy","Sphyraena barracuda",25.309291,-80.939226,,"Odum 1970",-65811600000,1629419,1629415,,,"Literature","Literature",,,,,,,,,,,"POLYGON((-80.937463996 25.3104702089,-80.9374146575 25.3099161160999,-80.9379892282999 25.3090128639,-80.9386428475 25.3084219805999,-80.9396149576 25.307864399,-80.9406382483 25.3079616704999,-80.9410575647 25.3085365013999,-80.9406845163999 25.3093985478999,-80.9398716517 25.3100947099,-80.9392194201 25.3105260246,-80.9384051692999 25.3107022509999))","Mangrove Pond"
"Menidia beryllina","eatenBy","Elops saurus",30.02414,-90.325499,,"Levine 1980",,1507155,1507147,,,"Literature","Literature",,,,,,,,,,,"POLYGON((-90.2931178121999 30.0106660757,-90.3016320253999 30.0035880002999,-90.3082731116 29.9969518459,-90.3181495988 29.9909051857,-90.3244501166 29.9888403881,-90.33058035 29.9886929008999,-90.3385837104 29.9898727922,-90.3484601976 29.9976892183,-90.3554418524 30.0060948763999,-90.3608909488 30.0142049241,-90.3646372025 30.021282242,-90.3668508978999 30.0320446946,-90.3668508978999 30.0380888474,-90.3641263497 30.0439852264999,-90.3595286747 30.0487020771,-90.3542498624999 30.0515026009,-90.3462465022 30.0523869604,-90.3402865529999 30.0525343529,-90.3360294464 30.0520921747999,-90.3281963703 30.0520921747999,-90.3200227256999 30.0528291372,-90.3144033451 30.0517973882999,-90.3067405533 30.0488494750999,-90.3011211726 30.0454592665,-90.2958423604 30.0436904158999,-90.2892012741999 30.0436904158999,-90.2793247869999 30.0413318993,-90.2766002388 30.0345508515,-90.2794950712 30.0288013388,-90.2852847361999 30.0206924848,-90.289712127 30.0146472712,-90.2931178121999 30.0106660757))","Marsh Area near Lake Pontchartrain"
"Menidia beryllina","eatenBy","Micropterus salmoides",30.018689,-90.078594,,"Levine 1980",,1506994,1506940,,,"Literature","Literature",,,,,,,,,,,"POLYGON((-90.0871219022999 30.0273734453,-90.0815859710999 30.027891599,-90.0779950966999 30.0321662636,-90.0728515477999 30.0326954274,-90.0621486810999 30.0337855271,-90.0531582278999 30.0339801097,-90.0518116381999 30.0319071981999,-90.0522604975 30.0267257494,-90.0555521322999 30.0210258428999,-90.0613873031 30.0141596112999,-90.0682698122 30.0100137318999,-90.0731412681 30.0076080850999,-90.0781447165 30.0058676792,-90.0833487288 30.0065149294,-90.0895158185 30.007552034,-90.0984930042999 30.0119571345,-90.103729696 30.0173984589999,-90.1053755134 30.0221917595,-90.1035800762 30.0277620608,-90.0992461076999 30.0285807359,-90.0953509892 30.0293165076999,-90.0911616358999 30.0302232571,-90.0887677197 30.0286688244999,-90.0871219022999 30.0273734453))","Marsh Area near Lake Pontchartrain"
"Menidia beryllina","eatenBy","Fundulus grandis",30.018689,-90.078594,,"Levine 1980",,1506910,1506838,,,"Literature","Literature",,,,,,,,,,,"POLYGON((-90.0871219022999 30.0273734453,-90.0815859710999 30.027891599,-90.0779950966999 30.0321662636,-90.0728515477999 30.0326954274,-90.0621486810999 30.0337855271,-90.0531582278999 30.0339801097,-90.0518116381999 30.0319071981999,-90.0522604975 30.0267257494,-90.0555521322999 30.0210258428999,-90.0613873031 30.0141596112999,-90.0682698122 30.0100137318999,-90.0731412681 30.0076080850999,-90.0781447165 30.0058676792,-90.0833487288 30.0065149294,-90.0895158185 30.007552034,-90.0984930042999 30.0119571345,-90.103729696 30.0173984589999,-90.1053755134 30.0221917595,-90.1035800762 30.0277620608,-90.0992461076999 30.0285807359,-90.0953509892 30.0293165076999,-90.0911616358999 30.0302232571,-90.0887677197 30.0286688244999,-90.0871219022999 30.0273734453))","Marsh Area near Lake Pontchartrain"
"Menidia beryllina","eatenBy","Menidia beryllina",30.018689,-90.078594,,"Levine 1980",,1506694,1506594,,,"Literature","Literature",,,,,,,,,,,"POLYGON((-90.0871219022999 30.0273734453,-90.0815859710999 30.027891599,-90.0779950966999 30.0321662636,-90.0728515477999 30.0326954274,-90.0621486810999 30.0337855271,-90.0531582278999 30.0339801097,-90.0518116381999 30.0319071981999,-90.0522604975 30.0267257494,-90.0555521322999 30.0210258428999,-90.0613873031 30.0141596112999,-90.0682698122 30.0100137318999,-90.0731412681 30.0076080850999,-90.0781447165 30.0058676792,-90.0833487288 30.0065149294,-90.0895158185 30.007552034,-90.0984930042999 30.0119571345,-90.103729696 30.0173984589999,-90.1053755134 30.0221917595,-90.1035800762 30.0277620608,-90.0992461076999 30.0285807359,-90.0953509892 30.0293165076999,-90.0911616358999 30.0302232571,-90.0887677197 30.0286688244999,-90.0871219022999 30.0273734453))","Marsh Area near Lake Pontchartrain"
"Menidia beryllina","eatenBy","Cynoscion nebulosus",27.772037,-97.248262,,"Matlock and Garcia 1983",184057200000,1554984,1554946,,,"Literature","Literature",,,,,,,,,,,"POLYGON((-97.491504414 27.8398496979999,-97.487790669 27.842739494,-97.4897218159999 27.8457605629999,-97.5017543529999 27.851933789,-97.5128955899999 27.851671106,-97.520323081 27.8606019819999,-97.515866586 27.870845316,-97.4949210599999 27.882925952,-97.484819672 27.873471656,-97.486008071 27.8624405999999,-97.481997225 27.859945325,-97.4724900359999 27.861652625,-97.468479191 27.8691381609999,-97.460903149 27.8630972419999,-97.456743754 27.8695321219999,-97.46001185 27.877804977,-97.448573514 27.867693624,-97.44322572 27.871239271,-97.417378049 27.8695321219999,-97.4007404679999 27.876229244,-97.3616718629999 27.8751787419999,-97.3579581169999 27.880825069,-97.33849809 27.883451167,-97.3318133469999 27.873471656,-97.33820099 27.872027177,-97.3546900209999 27.8575813269999,-97.354838571 27.860733313,-97.3612262139999 27.851539764,-97.3545277409999 27.8500449739999,-97.3513155259999 27.854646025,-97.3229841029999 27.8682623159999,-97.27506787 27.8813726829999,-97.2467413709999 27.873263806,-97.241982852 27.858848766,-97.2266208829999 27.846757341,-97.2213500969999 27.838368244,-97.227072664 27.829845323,-97.225265538 27.82545043,-97.209001399 27.820788986,-97.208987625 27.818130485,-97.201471706 27.821454919,-97.15907563 27.8207114289999,-97.1361601699999 27.823969842,-97.126672756 27.819841088,-97.1149264339999 27.8231707409999,-97.10543902 27.82157252,-97.100921204 27.817576866,-97.107999116 27.809451916,-97.098963483 27.811716307,-97.0953492299999 27.817576866,-97.092789134 27.816111756,-97.095048042 27.810117918,-97.104234269 27.806654661,-97.1116133689999 27.7967970939999,-97.107547334 27.796264227,-97.116281779 27.7892034939999,-97.1164323729999 27.7802770049999,-97.1313411659999 27.759090315,-97.149412431 27.750561176,-97.1480570869999 27.748428786,-97.1405273929999 27.753359873,-97.1372143279999 27.7512275389999,-97.1316423539999 27.7536264119999,-97.132997699 27.7504279019999,-97.137967297 27.7449635639999,-97.149412431 27.7437640389999,-97.1507677759999 27.741498232,-97.1453463969999 27.738432654,-97.152725497 27.729901897,-97.1599540029999 27.729901897,-97.1595022209999 27.736433318,-97.162664692 27.736433318,-97.169441417 27.7247031389999,-97.168989635 27.7188375759999,-97.1736580449999 27.71683788,-97.181940709 27.698172284,-97.1970000959999 27.6824373729999,-97.243576348 27.6894942529999,-97.253666138 27.6998948779999,-97.2580333599999 27.697361484,-97.304416274 27.709761221,-97.305009412 27.701871254,-97.297213517 27.693116744,-97.3002558179999 27.690254541,-97.29835438 27.682340999,-97.3091925749999 27.679646897,-97.3084319999999 27.6683646209999,-97.3156574639999 27.6651649569999,-97.3152771759999 27.660112667,-97.3304886789999 27.658260102,-97.339045149 27.650175814,-97.3426578809999 27.6346792579999,-97.3453198939999 27.634342352,-97.346841044 27.6474809179999,-97.342277593 27.6486599429999,-97.340566299 27.659775839,-97.335242273 27.664659739,-97.3219322089999 27.6670174059999,-97.3215519209999 27.6788049759999,-97.3147067449999 27.688234116,-97.3202209149999 27.692274927,-97.327446378 27.689917806,-97.3312492539999 27.6942952769999,-97.3361929919999 27.708436675,-97.3350521299999 27.715338359,-97.323643503 27.707089955,-97.317749046 27.7114667369999,-97.3141363139999 27.7102883899999,-97.3143667079999 27.7128811229999,-97.3384504889999 27.722159548,-97.3622443219999 27.7362892569999,-97.374743613 27.7485512919999,-97.3770025209999 27.760145642,-97.388748844 27.770006532,-97.3937184419999 27.786794639,-97.387544093 27.796786329,-97.390857158 27.7989177709999,-97.3926642849999 27.810373554,-97.377884726 27.835942112,-97.387519533 27.840900542,-97.3910120489999 27.8358591239999,-97.407128111 27.83485805,-97.417229499 27.8226406799999,-97.438769225 27.833018964,-97.448127864 27.831179847,-97.4530300079999 27.825530934,-97.467290792 27.823560314),-97.479174778 27.8252681869999,-97.491504414 27.8398496979999))","Corpus Christi Bay"
"Menidia beryllina","eatenBy","Cynoscion nebulosus",27.772037,-97.248262,,"Matlock and Garcia 1983",184057200000,1554988,1554946,,,"Literature","Literature",,,,,,,,,,,"POLYGON((-97.491504414 27.8398496979999,-97.487790669 27.842739494,-97.4897218159999 27.8457605629999,-97.5017543529999 27.851933789,-97.5128955899999 27.851671106,-97.520323081 27.8606019819999,-97.515866586 27.870845316,-97.4949210599999 27.882925952,-97.484819672 27.873471656,-97.486008071 27.8624405999999,-97.481997225 27.859945325,-97.4724900359999 27.861652625,-97.468479191 27.8691381609999,-97.460903149 27.8630972419999,-97.456743754 27.8695321219999,-97.46001185 27.877804977,-97.448573514 27.867693624,-97.44322572 27.871239271,-97.417378049 27.8695321219999,-97.4007404679999 27.876229244,-97.3616718629999 27.8751787419999,-97.3579581169999 27.880825069,-97.33849809 27.883451167,-97.3318133469999 27.873471656,-97.33820099 27.872027177,-97.3546900209999 27.8575813269999,-97.354838571 27.860733313,-97.3612262139999 27.851539764,-97.3545277409999 27.8500449739999,-97.3513155259999 27.854646025,-97.3229841029999 27.8682623159999,-97.27506787 27.8813726829999,-97.2467413709999 27.873263806,-97.241982852 27.858848766,-97.2266208829999 27.846757341,-97.2213500969999 27.838368244,-97.227072664 27.829845323,-97.225265538 27.82545043,-97.209001399 27.820788986,-97.208987625 27.818130485,-97.201471706 27.821454919,-97.15907563 27.8207114289999,-97.1361601699999 27.823969842,-97.126672756 27.819841088,-97.1149264339999 27.8231707409999,-97.10543902 27.82157252,-97.100921204 27.817576866,-97.107999116 27.809451916,-97.098963483 27.811716307,-97.0953492299999 27.817576866,-97.092789134 27.816111756,-97.095048042 27.810117918,-97.104234269 27.806654661,-97.1116133689999 27.7967970939999,-97.107547334 27.796264227,-97.116281779 27.7892034939999,-97.1164323729999 27.7802770049999,-97.1313411659999 27.759090315,-97.149412431 27.750561176,-97.1480570869999 27.748428786,-97.1405273929999 27.753359873,-97.1372143279999 27.7512275389999,-97.1316423539999 27.7536264119999,-97.132997699 27.7504279019999,-97.137967297 27.7449635639999,-97.149412431 27.7437640389999,-97.1507677759999 27.741498232,-97.1453463969999 27.738432654,-97.152725497 27.729901897,-97.1599540029999 27.729901897,-97.1595022209999 27.736433318,-97.162664692 27.736433318,-97.169441417 27.7247031389999,-97.168989635 27.7188375759999,-97.1736580449999 27.71683788,-97.181940709 27.698172284,-97.1970000959999 27.6824373729999,-97.243576348 27.6894942529999,-97.253666138 27.6998948779999,-97.2580333599999 27.697361484,-97.304416274 27.709761221,-97.305009412 27.701871254,-97.297213517 27.693116744,-97.3002558179999 27.690254541,-97.29835438 27.682340999,-97.3091925749999 27.679646897,-97.3084319999999 27.6683646209999,-97.3156574639999 27.6651649569999,-97.3152771759999 27.660112667,-97.3304886789999 27.658260102,-97.339045149 27.650175814,-97.3426578809999 27.6346792579999,-97.3453198939999 27.634342352,-97.346841044 27.6474809179999,-97.342277593 27.6486599429999,-97.340566299 27.659775839,-97.335242273 27.664659739,-97.3219322089999 27.6670174059999,-97.3215519209999 27.6788049759999,-97.3147067449999 27.688234116,-97.3202209149999 27.692274927,-97.327446378 27.689917806,-97.3312492539999 27.6942952769999,-97.3361929919999 27.708436675,-97.3350521299999 27.715338359,-97.323643503 27.707089955,-97.317749046 27.7114667369999,-97.3141363139999 27.7102883899999,-97.3143667079999 27.7128811229999,-97.3384504889999 27.722159548,-97.3622443219999 27.7362892569999,-97.374743613 27.7485512919999,-97.3770025209999 27.760145642,-97.388748844 27.770006532,-97.3937184419999 27.786794639,-97.387544093 27.796786329,-97.390857158 27.7989177709999,-97.3926642849999 27.810373554,-97.377884726 27.835942112,-97.387519533 27.840900542,-97.3910120489999 27.8358591239999,-97.407128111 27.83485805,-97.417229499 27.8226406799999,-97.438769225 27.833018964,-97.448127864 27.831179847,-97.4530300079999 27.825530934,-97.467290792 27.823560314),-97.479174778 27.8252681869999,-97.491504414 27.8398496979999))","Corpus Christi Bay"
"Menidia beryllina","eatenBy","Cynoscion nebulosus",27.282627,-97.420818,,"Matlock and Garcia 1983",184057200000,1555042,1555000,,,"Literature","Literature",,,,,,,,,,,"POLYGON((-97.740065235 27.2730930339999,-97.7250914119999 27.2688678049999,-97.7143958239999 27.2773181029999,-97.7006104 27.2749943349999,-97.6830221 27.28407788,-97.6680482769999 27.284289116,-97.6602048459999 27.2883025309999,-97.654738213 27.304988333,-97.6737525909999 27.310690501,-97.6758917089999 27.317025899,-97.6827844209999 27.3199822939999,-97.6899148119999 27.317237072,-97.6977582429999 27.3195599559999,-97.703937916 27.315547671,-97.6958568059999 27.321882792,-97.697520564 27.3237832569999,-97.6889640939999 27.3199822939999,-97.68325978 27.3263171609999,-97.69205393 27.333918524,-97.690627852 27.342363871,-97.7056016739999 27.372972859,-97.70940455 27.373394993,-97.7186740589999 27.389223847,-97.7198624579999 27.3858472149999,-97.723427654 27.3866913829999,-97.7231899739999 27.3951327059999,-97.7326971629999 27.403995401,-97.734360921 27.416866145,-97.7395898759999 27.421929633,-97.7274682089999 27.428047705,-97.7255667719999 27.408637481,-97.7162972619999 27.407160477,-97.7129697459999 27.3999861739999,-97.699422002 27.3921783159999,-97.6979959229999 27.397875997,-97.6944307269999 27.394288602,-97.7022741579999 27.384791997,-97.6834974599999 27.379093642,-97.677555467 27.371073238,-97.6782685059999 27.366851739,-97.6713757939999 27.3662184999999,-97.6609178859999 27.357774971,-97.6680482769999 27.3453195909999,-97.659254128 27.329484459,-97.649033899 27.323994418,-97.6331093579999 27.3235720959999,-97.6342977559999 27.311535241,-97.6300195209999 27.306677895,-97.637149913 27.3018203359999,-97.635961514 27.298652248,-97.6266920049999 27.295272855,-97.6266920049999 27.2916821369999,-97.6188485739999 27.2866126899999,-97.611005143 27.284711588,-97.585573412 27.3077338579999,-97.531620114 27.34109711,-97.5268665189999 27.350386355,-97.512130376 27.361785728,-97.51759701 27.361785728,-97.519973807 27.368329282,-97.513556455 27.3689625079999,-97.5149825329999 27.3731839269999,-97.512130376 27.374872449,-97.509753579 27.3689625079999,-97.509991259 27.3864803419999,-97.5038115859999 27.3691735829999,-97.493591357 27.390912125,-97.476003058 27.3961878259999,-97.4733885809999 27.400408205,-97.4752900179999 27.4061054609999,-97.4807566519999 27.4082154819999,-97.4864609659999 27.405683452,-97.495968155 27.406949474,-97.504049265 27.4255161299999,-97.504286945 27.420874759,-97.5192607679999 27.4170771279999,-97.5194984479999 27.4111694429999,-97.525202761 27.408637481,-97.5282925979999 27.411802424,-97.5323331529999 27.4080044819999,-97.5551504069999 27.409481475,-97.53494763 27.414756289,-97.5311447539999 27.4221406059999,-97.539225865 27.4487200589999,-97.544930179 27.453992999,-97.539701225 27.4752931089999,-97.5344722709999 27.463061866,-97.540414264 27.458843881,-97.536136029 27.451462019,-97.5370867479999 27.4438687319999,-97.5271041989999 27.427836742,-97.4916899199999 27.4316340029999,-97.492165279 27.439017191,-97.4971565529999 27.440282831,-97.4962058339999 27.453571173,-97.4992956709999 27.451672936,-97.5030985469999 27.453992999,-97.5069014219999 27.4508292649999,-97.5073767819999 27.454414823,-97.51759701 27.459476589,-97.504049265 27.455891196,-97.495730475 27.468755889,-97.492640639 27.464116337,-97.496443514 27.458422074,-97.4893131219999 27.4565239209999,-97.4874116849999 27.4592656869999,-97.484559528 27.455891196,-97.4893131219999 27.4504074269999,-97.4722001819999 27.448930982,-97.4862232859999 27.4436578,-97.4774291359999 27.438595308,-97.4831334489999 27.4326887739999,-97.480281293 27.426992889,-97.472437862 27.426781924,-97.4719625019999 27.42446129,-97.4762407369999 27.420030852,-97.481469691 27.4231954689999,-97.48242041 27.4177100749999,-97.470774104 27.4130683759999,-97.4674465869999 27.403573384,-97.4722001819999 27.3913341899999,-97.487174005 27.385214085,-97.487174005 27.381204178,-97.476003058 27.368751433,-97.481469691 27.370440023,-97.4852725669999 27.364529846,-97.4828957699999 27.3607302799999),-97.487649364 27.350597465,-97.4795682529999 27.3482752319999,-97.48265809 27.345952949,-97.4809943319999 27.3398303349999,-97.485985606 27.337507875,-97.4864609659999 27.33286281,-97.4916899199999 27.333918524,-97.5038115859999 27.32293861,-97.495968155 27.317025899,-97.4973942329999 27.311535241,-97.492640639 27.3085786209999,-97.501012462 27.3059475499999,-97.4964965479999 27.299400312,-97.506716776 27.3059475499999,-97.5171746839999 27.305102767,-97.5238297159999 27.298977897,-97.5262065139999 27.2907404699999,-97.5414180159999 27.2865159109999,-97.5426064149999 27.290951693,-97.54640929 27.291796584,-97.5459339309999 27.285882213,-97.5392788989999 27.280812502,-97.5326238659999 27.282502431,-97.5071921349999 27.2748975459999,-97.4843748809999 27.2964433689999,-97.4717842419999 27.303193146,-97.4500959669999 27.3132247029999,-97.434052586 27.312960726,-97.4120672109999 27.322199538,-97.401668723 27.3338129529999,-97.401371623 27.341994401,-97.3716420669999 27.402449308,-97.366318041 27.4459934029999,-97.3579517139999 27.4701209089999,-97.3516769689999 27.475856742,-97.343705588 27.5187786669999,-97.334911438 27.5322683039999,-97.321957892 27.568934885,-97.29377383 27.59376427,-97.298531584 27.5970249999999,-97.299677255 27.603685182,-97.296468578 27.617901483,-97.290051226 27.626114505,-97.2689479179999 27.6784050179999,-97.259916089 27.6813517219999,-97.257301612 27.68977044,-97.2525480169999 27.692506384,-97.1970000959999 27.6824373729999,-97.1974063199999 27.6525126959999,-97.192652726 27.649144138,-97.2031106339999 27.6554600989999,-97.205012072 27.651670566,-97.200258477 27.645354387,-97.205012072 27.6407222899999,-97.211429424 27.6434594619999,-97.2161830189999 27.63777449,-97.2097656659999 27.628720036,-97.213330862 27.6280883019999,-97.2130931819999 27.6160846629999,-97.2149946199999 27.6266142419999,-97.2218873319999 27.634194912,-97.233938092 27.628433853,-97.2389293659999 27.6211054949999,-97.233938092 27.620852784,-97.240783268 27.6160511689999,-97.248198876 27.602529701,-97.250765817 27.607837392,-97.254045797 27.6063209349999,-97.257753601 27.597348136,-97.2473432289999 27.586857875,-97.2489119149999 27.577883483,-97.252004678 27.577354134,-97.2545073069999 27.567284347,-97.2679612259999 27.555289844,-97.2659388099999 27.5508504489999,-97.272919586 27.544068699,-97.2672526249999 27.540902891,-97.271465293 27.531739546,-97.281703074 27.525548037,-97.282392556 27.5219066,-97.287744387 27.521757053,-97.281582157 27.514369546,-97.2881234299999 27.511876734,-97.284414178 27.503553684,-97.2880157029999 27.505789473,-97.290590484 27.502173448,-97.2879373629999 27.498029575,-97.292379119 27.4992006109999,-97.2933641709999 27.487769726,-97.296449534 27.4954725549999,-97.2994323049999 27.487232524,-97.3003692009999 27.4891667909999,-97.304822465 27.486495465,-97.311452793 27.4651190599999,-97.3094708299999 27.462093068,-97.3133495999999 27.4613018,-97.3114826249999 27.4565128389999,-97.3150347549999 27.4562471859999,-97.320763505 27.4442064009999,-97.318516693 27.4264940879999,-97.321068901 27.423629212,-97.3293217089999 27.426270712,-97.3374340379999 27.4066104109999,-97.3356143329999 27.402317009,-97.3402319789999 27.400383498,-97.339430519 27.393924068,-97.345586861 27.384404094,-97.3493033729999 27.38487829,-97.3529443789999 27.373922658,-97.363937066 27.359938687,-97.3612631689999 27.350966907,-97.3660167639999 27.33407688,-97.363342867 27.333285097,-97.368393561 27.3298539709999,-97.3615602689999 27.326422739,-97.362748667 27.3185041059999,-97.354429877 27.306361104,-97.372552956 27.297649001,-97.372850056 27.293160682,-97.3669080629999 27.286031801,-97.3701761589999 27.2741493169999,-97.3746326539999 27.2741493169999,-97.3767123509999 27.2680755559999,-97.3844369429999 27.2664910419999,-97.3832485439999 27.260945066,-97.375266947 27.259458196),-97.375029267 27.2558663199999,-97.379545182 27.2516404359999,-97.3776437439999 27.246991777,-97.3821596589999 27.24678047,-97.383348057 27.2433994989999,-97.379307502 27.2357919389999,-97.3864378939999 27.22332287,-97.383585737 27.2216320409999,-97.3850118149999 27.213388883,-97.385962534 27.2112751539999,-97.387863972 27.215291204,-97.3907161289999 27.2104296509999,-97.385962534 27.208315867,-97.3900030899999 27.2038767879999,-97.380495901 27.2040881769999,-97.378119103 27.19880334,-97.387863972 27.1747013049999,-97.386675573 27.169203621,-97.3900030899999 27.1706837929999,-97.391429168 27.168146343,-97.3873886129999 27.130289195,-97.3952034229999 27.122241823,-97.394743077 27.113779117,-97.3888146909999 27.1065955199999,-97.390240769 27.092842426,-97.3864378939999 27.084801373,-97.3876262919999 27.0699873959999,-97.3922204309999 27.067393051,-97.388339332 27.065331171,-97.389052371 27.0566531429999,-97.3940436449999 27.0532664139999,-97.387348519 27.0220481009999,-97.3909137149999 27.021412901,-97.388299238 26.993036984,-97.391389075 26.988377567,-97.387348519 26.987742177,-97.3906760349999 26.98054084,-97.3866354799999 26.972915392,-97.390200676 26.966984131,-97.3856847609999 26.956603672,-97.3897253159999 26.956603672,-97.3921021139999 26.9449509979999,-97.397331068 26.9402895899999,-97.396142669 26.9436797239999,-97.401609303 26.941349018,-97.3994701849999 26.951307151,-97.412304891 26.9676196379999,-97.415394727 26.968890641,-97.420148322 26.958722211,-97.414681688 26.9527902019999,-97.419197603 26.9457985049999,-97.414444008 26.930966198,-97.406125218 26.928635229,-97.400183224 26.93605178,-97.398994826 26.9279995019999,-97.3921021139999 26.921218191,-97.3932905119999 26.9065946009999,-97.388061558 26.894300842,-97.393528192 26.887729491,-97.4030353809999 26.88942536,-97.405649858 26.8991761129999,-97.4127802499999 26.905958749,-97.415632407 26.9046870359999,-97.418009204 26.8917571389999,-97.411354172 26.8790377629999,-97.424188877 26.877129733,-97.4546118819999 26.880945761,-97.4698233849999 26.894300842,-97.476003058 26.8928170219999,-97.478142175 26.89854022,-97.4864609659999 26.90171965,-97.4831334489999 26.913588728,-97.490026162 26.9205824219999,-97.4809943319999 26.9279995019999,-97.4852725669999 26.929270953,-97.4817073709999 26.9326614169999,-97.4852725669999 26.939018264,-97.4809943319999 26.9540613729999,-97.4843218479999 26.9546969529999,-97.483846489 26.9578747999999,-97.4795682529999 26.958722211,-97.4840841679999 26.964865747,-97.487887044 26.9657131049999,-97.49145224 26.929694766,-97.4928783179999 26.9279995019999,-97.4952551159999 26.93562799,-97.496918874 26.9322376149999,-97.502147828 26.9328733179999,-97.495730475 26.9121051609999,-97.5069014219999 26.9068065499999,-97.5311447539999 26.9169796639999,-97.532808512 26.9201585739999,-97.540651943 26.918887021,-97.539463545 26.910833517,-97.5435041 26.911045459,-97.548257695 26.921218191,-97.541602662 26.924820813,-97.545880897 26.929270953,-97.5147448529999 26.928635229,-97.5301940349999 26.932025713,-97.547069296 26.930966198,-97.554912727 26.939865817,-97.5487330539999 26.959145914,-97.544692499 26.9599933149999,-97.545880897 26.9671959669999,-97.542553381 26.9676196379999,-97.551585211 26.973550865,-97.5456432179999 26.977787265,-97.542553381 26.9733390409999,-97.5368490679999 26.9724917409999,-97.538512826 26.9868949849999,-97.5301940349999 26.9875303799999,-97.52662884 26.983082541,-97.5192607679999 26.987106784,-97.524014363 26.992613409,-97.5026231869999 26.979905405,-97.4883624029999 26.9771518149999,-97.4831334489999 26.972068088,-97.4767160969999 26.972915392,-97.478379855 26.977999081,-97.474814659 26.979693593,-97.4752900179999 26.971008949,-97.470298744 26.9684669749999,-97.466258189 26.969314306,-97.461979954 26.978210896,-97.4515220459999 26.984141566),-97.4500959669999 26.999178648,-97.454849562 27.0038376179999,-97.4567509999999 27.030940521,-97.4631683519999 27.042372596,-97.4667335479999 27.068619623,-97.4731509009999 27.069254556,-97.476003058 27.0641749939999,-97.489075443 27.075392052,-97.485747926 27.0870312089999,-97.494542076 27.0904169189999,-97.4843218479999 27.106920787,-97.483608809 27.0997270919999,-97.4731509009999 27.099303919,-97.4676842669999 27.094014123,-97.461979954 27.096341664,-97.451759725 27.1141140189999,-97.453898843 27.0904169189999,-97.4489075689999 27.08999371,-97.447243811 27.093802526,-97.442965575 27.1149602509999,-97.4427278959999 27.1591669789999,-97.447243811 27.170797422,-97.437261262 27.1858094749999,-97.4370235819999 27.199128338,-97.4218714999999 27.2617373649999,-97.445045273 27.264114229,-97.4515814659999 27.2617373649999,-97.451878565 27.258304028,-97.461682854 27.25803992,-97.497869593 27.24562617,-97.502385507 27.2399206629999,-97.5156955719999 27.2331582019999,-97.538512826 27.229142796,-97.598408117 27.243513054,-97.631683279 27.24330174,-97.640239749 27.2532330579999,-97.640477429 27.27013539,-97.645468703 27.2752055889999,-97.6946684069999 27.2671776679999,-97.699422002 27.2688678049999,-97.7022741579999 27.2648536879999,-97.711305988 27.262318381,-97.737926117 27.265698777,-97.740065235 27.2730930339999))","Upper Laguna Madre"
"Menidia beryllina","eatenBy","Cynoscion nebulosus",27.282627,-97.420818,,"Matlock and Garcia 1983",184057200000,1555038,1555000,,,"Literature","Literature",,,,,,,,,,,"POLYGON((-97.740065235 27.2730930339999,-97.7250914119999 27.2688678049999,-97.7143958239999 27.2773181029999,-97.7006104 27.2749943349999,-97.6830221 27.28407788,-97.6680482769999 27.284289116,-97.6602048459999 27.2883025309999,-97.654738213 27.304988333,-97.6737525909999 27.310690501,-97.6758917089999 27.317025899,-97.6827844209999 27.3199822939999,-97.6899148119999 27.317237072,-97.6977582429999 27.3195599559999,-97.703937916 27.315547671,-97.6958568059999 27.321882792,-97.697520564 27.3237832569999,-97.6889640939999 27.3199822939999,-97.68325978 27.3263171609999,-97.69205393 27.333918524,-97.690627852 27.342363871,-97.7056016739999 27.372972859,-97.70940455 27.373394993,-97.7186740589999 27.389223847,-97.7198624579999 27.3858472149999,-97.723427654 27.3866913829999,-97.7231899739999 27.3951327059999,-97.7326971629999 27.403995401,-97.734360921 27.416866145,-97.7395898759999 27.421929633,-97.7274682089999 27.428047705,-97.7255667719999 27.408637481,-97.7162972619999 27.407160477,-97.7129697459999 27.3999861739999,-97.699422002 27.3921783159999,-97.6979959229999 27.397875997,-97.6944307269999 27.394288602,-97.7022741579999 27.384791997,-97.6834974599999 27.379093642,-97.677555467 27.371073238,-97.6782685059999 27.366851739,-97.6713757939999 27.3662184999999,-97.6609178859999 27.357774971,-97.6680482769999 27.3453195909999,-97.659254128 27.329484459,-97.649033899 27.323994418,-97.6331093579999 27.3235720959999,-97.6342977559999 27.311535241,-97.6300195209999 27.306677895,-97.637149913 27.3018203359999,-97.635961514 27.298652248,-97.6266920049999 27.295272855,-97.6266920049999 27.2916821369999,-97.6188485739999 27.2866126899999,-97.611005143 27.284711588,-97.585573412 27.3077338579999,-97.531620114 27.34109711,-97.5268665189999 27.350386355,-97.512130376 27.361785728,-97.51759701 27.361785728,-97.519973807 27.368329282,-97.513556455 27.3689625079999,-97.5149825329999 27.3731839269999,-97.512130376 27.374872449,-97.509753579 27.3689625079999,-97.509991259 27.3864803419999,-97.5038115859999 27.3691735829999,-97.493591357 27.390912125,-97.476003058 27.3961878259999,-97.4733885809999 27.400408205,-97.4752900179999 27.4061054609999,-97.4807566519999 27.4082154819999,-97.4864609659999 27.405683452,-97.495968155 27.406949474,-97.504049265 27.4255161299999,-97.504286945 27.420874759,-97.5192607679999 27.4170771279999,-97.5194984479999 27.4111694429999,-97.525202761 27.408637481,-97.5282925979999 27.411802424,-97.5323331529999 27.4080044819999,-97.5551504069999 27.409481475,-97.53494763 27.414756289,-97.5311447539999 27.4221406059999,-97.539225865 27.4487200589999,-97.544930179 27.453992999,-97.539701225 27.4752931089999,-97.5344722709999 27.463061866,-97.540414264 27.458843881,-97.536136029 27.451462019,-97.5370867479999 27.4438687319999,-97.5271041989999 27.427836742,-97.4916899199999 27.4316340029999,-97.492165279 27.439017191,-97.4971565529999 27.440282831,-97.4962058339999 27.453571173,-97.4992956709999 27.451672936,-97.5030985469999 27.453992999,-97.5069014219999 27.4508292649999,-97.5073767819999 27.454414823,-97.51759701 27.459476589,-97.504049265 27.455891196,-97.495730475 27.468755889,-97.492640639 27.464116337,-97.496443514 27.458422074,-97.4893131219999 27.4565239209999,-97.4874116849999 27.4592656869999,-97.484559528 27.455891196,-97.4893131219999 27.4504074269999,-97.4722001819999 27.448930982,-97.4862232859999 27.4436578,-97.4774291359999 27.438595308,-97.4831334489999 27.4326887739999,-97.480281293 27.426992889,-97.472437862 27.426781924,-97.4719625019999 27.42446129,-97.4762407369999 27.420030852,-97.481469691 27.4231954689999,-97.48242041 27.4177100749999,-97.470774104 27.4130683759999,-97.4674465869999 27.403573384,-97.4722001819999 27.3913341899999,-97.487174005 27.385214085,-97.487174005 27.381204178,-97.476003058 27.368751433,-97.481469691 27.370440023,-97.4852725669999 27.364529846,-97.4828957699999 27.3607302799999),-97.487649364 27.350597465,-97.4795682529999 27.3482752319999,-97.48265809 27.345952949,-97.4809943319999 27.3398303349999,-97.485985606 27.337507875,-97.4864609659999 27.33286281,-97.4916899199999 27.333918524,-97.5038115859999 27.32293861,-97.495968155 27.317025899,-97.4973942329999 27.311535241,-97.492640639 27.3085786209999,-97.501012462 27.3059475499999,-97.4964965479999 27.299400312,-97.506716776 27.3059475499999,-97.5171746839999 27.305102767,-97.5238297159999 27.298977897,-97.5262065139999 27.2907404699999,-97.5414180159999 27.2865159109999,-97.5426064149999 27.290951693,-97.54640929 27.291796584,-97.5459339309999 27.285882213,-97.5392788989999 27.280812502,-97.5326238659999 27.282502431,-97.5071921349999 27.2748975459999,-97.4843748809999 27.2964433689999,-97.4717842419999 27.303193146,-97.4500959669999 27.3132247029999,-97.434052586 27.312960726,-97.4120672109999 27.322199538,-97.401668723 27.3338129529999,-97.401371623 27.341994401,-97.3716420669999 27.402449308,-97.366318041 27.4459934029999,-97.3579517139999 27.4701209089999,-97.3516769689999 27.475856742,-97.343705588 27.5187786669999,-97.334911438 27.5322683039999,-97.321957892 27.568934885,-97.29377383 27.59376427,-97.298531584 27.5970249999999,-97.299677255 27.603685182,-97.296468578 27.617901483,-97.290051226 27.626114505,-97.2689479179999 27.6784050179999,-97.259916089 27.6813517219999,-97.257301612 27.68977044,-97.2525480169999 27.692506384,-97.1970000959999 27.6824373729999,-97.1974063199999 27.6525126959999,-97.192652726 27.649144138,-97.2031106339999 27.6554600989999,-97.205012072 27.651670566,-97.200258477 27.645354387,-97.205012072 27.6407222899999,-97.211429424 27.6434594619999,-97.2161830189999 27.63777449,-97.2097656659999 27.628720036,-97.213330862 27.6280883019999,-97.2130931819999 27.6160846629999,-97.2149946199999 27.6266142419999,-97.2218873319999 27.634194912,-97.233938092 27.628433853,-97.2389293659999 27.6211054949999,-97.233938092 27.620852784,-97.240783268 27.6160511689999,-97.248198876 27.602529701,-97.250765817 27.607837392,-97.254045797 27.6063209349999,-97.257753601 27.597348136,-97.2473432289999 27.586857875,-97.2489119149999 27.577883483,-97.252004678 27.577354134,-97.2545073069999 27.567284347,-97.2679612259999 27.555289844,-97.2659388099999 27.5508504489999,-97.272919586 27.544068699,-97.2672526249999 27.540902891,-97.271465293 27.531739546,-97.281703074 27.525548037,-97.282392556 27.5219066,-97.287744387 27.521757053,-97.281582157 27.514369546,-97.2881234299999 27.511876734,-97.284414178 27.503553684,-97.2880157029999 27.505789473,-97.290590484 27.502173448,-97.2879373629999 27.498029575,-97.292379119 27.4992006109999,-97.2933641709999 27.487769726,-97.296449534 27.4954725549999,-97.2994323049999 27.487232524,-97.3003692009999 27.4891667909999,-97.304822465 27.486495465,-97.311452793 27.4651190599999,-97.3094708299999 27.462093068,-97.3133495999999 27.4613018,-97.3114826249999 27.4565128389999,-97.3150347549999 27.4562471859999,-97.320763505 27.4442064009999,-97.318516693 27.4264940879999,-97.321068901 27.423629212,-97.3293217089999 27.426270712,-97.3374340379999 27.4066104109999,-97.3356143329999 27.402317009,-97.3402319789999 27.400383498,-97.339430519 27.393924068,-97.345586861 27.384404094,-97.3493033729999 27.38487829,-97.3529443789999 27.373922658,-97.363937066 27.359938687,-97.3612631689999 27.350966907,-97.3660167639999 27.33407688,-97.363342867 27.333285097,-97.368393561 27.3298539709999,-97.3615602689999 27.326422739,-97.362748667 27.3185041059999,-97.354429877 27.306361104,-97.372552956 27.297649001,-97.372850056 27.293160682,-97.3669080629999 27.286031801,-97.3701761589999 27.2741493169999,-97.3746326539999 27.2741493169999,-97.3767123509999 27.2680755559999,-97.3844369429999 27.2664910419999,-97.3832485439999 27.260945066,-97.375266947 27.259458196),-97.375029267 27.2558663199999,-97.379545182 27.2516404359999,-97.3776437439999 27.246991777,-97.3821596589999 27.24678047,-97.383348057 27.2433994989999,-97.379307502 27.2357919389999,-97.3864378939999 27.22332287,-97.383585737 27.2216320409999,-97.3850118149999 27.213388883,-97.385962534 27.2112751539999,-97.387863972 27.215291204,-97.3907161289999 27.2104296509999,-97.385962534 27.208315867,-97.3900030899999 27.2038767879999,-97.380495901 27.2040881769999,-97.378119103 27.19880334,-97.387863972 27.1747013049999,-97.386675573 27.169203621,-97.3900030899999 27.1706837929999,-97.391429168 27.168146343,-97.3873886129999 27.130289195,-97.3952034229999 27.122241823,-97.394743077 27.113779117,-97.3888146909999 27.1065955199999,-97.390240769 27.092842426,-97.3864378939999 27.084801373,-97.3876262919999 27.0699873959999,-97.3922204309999 27.067393051,-97.388339332 27.065331171,-97.389052371 27.0566531429999,-97.3940436449999 27.0532664139999,-97.387348519 27.0220481009999,-97.3909137149999 27.021412901,-97.388299238 26.993036984,-97.391389075 26.988377567,-97.387348519 26.987742177,-97.3906760349999 26.98054084,-97.3866354799999 26.972915392,-97.390200676 26.966984131,-97.3856847609999 26.956603672,-97.3897253159999 26.956603672,-97.3921021139999 26.9449509979999,-97.397331068 26.9402895899999,-97.396142669 26.9436797239999,-97.401609303 26.941349018,-97.3994701849999 26.951307151,-97.412304891 26.9676196379999,-97.415394727 26.968890641,-97.420148322 26.958722211,-97.414681688 26.9527902019999,-97.419197603 26.9457985049999,-97.414444008 26.930966198,-97.406125218 26.928635229,-97.400183224 26.93605178,-97.398994826 26.9279995019999,-97.3921021139999 26.921218191,-97.3932905119999 26.9065946009999,-97.388061558 26.894300842,-97.393528192 26.887729491,-97.4030353809999 26.88942536,-97.405649858 26.8991761129999,-97.4127802499999 26.905958749,-97.415632407 26.9046870359999,-97.418009204 26.8917571389999,-97.411354172 26.8790377629999,-97.424188877 26.877129733,-97.4546118819999 26.880945761,-97.4698233849999 26.894300842,-97.476003058 26.8928170219999,-97.478142175 26.89854022,-97.4864609659999 26.90171965,-97.4831334489999 26.913588728,-97.490026162 26.9205824219999,-97.4809943319999 26.9279995019999,-97.4852725669999 26.929270953,-97.4817073709999 26.9326614169999,-97.4852725669999 26.939018264,-97.4809943319999 26.9540613729999,-97.4843218479999 26.9546969529999,-97.483846489 26.9578747999999,-97.4795682529999 26.958722211,-97.4840841679999 26.964865747,-97.487887044 26.9657131049999,-97.49145224 26.929694766,-97.4928783179999 26.9279995019999,-97.4952551159999 26.93562799,-97.496918874 26.9322376149999,-97.502147828 26.9328733179999,-97.495730475 26.9121051609999,-97.5069014219999 26.9068065499999,-97.5311447539999 26.9169796639999,-97.532808512 26.9201585739999,-97.540651943 26.918887021,-97.539463545 26.910833517,-97.5435041 26.911045459,-97.548257695 26.921218191,-97.541602662 26.924820813,-97.545880897 26.929270953,-97.5147448529999 26.928635229,-97.5301940349999 26.932025713,-97.547069296 26.930966198,-97.554912727 26.939865817,-97.5487330539999 26.959145914,-97.544692499 26.9599933149999,-97.545880897 26.9671959669999,-97.542553381 26.9676196379999,-97.551585211 26.973550865,-97.5456432179999 26.977787265,-97.542553381 26.9733390409999,-97.5368490679999 26.9724917409999,-97.538512826 26.9868949849999,-97.5301940349999 26.9875303799999,-97.52662884 26.983082541,-97.5192607679999 26.987106784,-97.524014363 26.992613409,-97.5026231869999 26.979905405,-97.4883624029999 26.9771518149999,-97.4831334489999 26.972068088,-97.4767160969999 26.972915392,-97.478379855 26.977999081,-97.474814659 26.979693593,-97.4752900179999 26.971008949,-97.470298744 26.9684669749999,-97.466258189 26.969314306,-97.461979954 26.978210896,-97.4515220459999 26.984141566),-97.4500959669999 26.999178648,-97.454849562 27.0038376179999,-97.4567509999999 27.030940521,-97.4631683519999 27.042372596,-97.4667335479999 27.068619623,-97.4731509009999 27.069254556,-97.476003058 27.0641749939999,-97.489075443 27.075392052,-97.485747926 27.0870312089999,-97.494542076 27.0904169189999,-97.4843218479999 27.106920787,-97.483608809 27.0997270919999,-97.4731509009999 27.099303919,-97.4676842669999 27.094014123,-97.461979954 27.096341664,-97.451759725 27.1141140189999,-97.453898843 27.0904169189999,-97.4489075689999 27.08999371,-97.447243811 27.093802526,-97.442965575 27.1149602509999,-97.4427278959999 27.1591669789999,-97.447243811 27.170797422,-97.437261262 27.1858094749999,-97.4370235819999 27.199128338,-97.4218714999999 27.2617373649999,-97.445045273 27.264114229,-97.4515814659999 27.2617373649999,-97.451878565 27.258304028,-97.461682854 27.25803992,-97.497869593 27.24562617,-97.502385507 27.2399206629999,-97.5156955719999 27.2331582019999,-97.538512826 27.229142796,-97.598408117 27.243513054,-97.631683279 27.24330174,-97.640239749 27.2532330579999,-97.640477429 27.27013539,-97.645468703 27.2752055889999,-97.6946684069999 27.2671776679999,-97.699422002 27.2688678049999,-97.7022741579999 27.2648536879999,-97.711305988 27.262318381,-97.737926117 27.265698777,-97.740065235 27.2730930339999))","Upper Laguna Madre"
"Menidia beryllina","eatenBy","Cynoscion nebulosus",26.457036,-97.336679,,"Matlock and Garcia 1983",184057200000,1555096,1555054,,,"Literature","Literature",,,,,,,,,,,"POLYGON((-97.1704068279999 26.018610882,-97.1815302389999 26.009981477,-97.185333115 26.014338979,-97.198262892 26.015535127,-97.197502317 26.01006692,-97.2009249049999 26.0119466449999,-97.209956735 26.0092124899999,-97.219368852 26.01357002,-97.2157561199999 26.0210885139999,-97.1961713099999 26.033390467,-97.1846676119999 26.046203629,-97.1964129509999 26.051819624,-97.199681048 26.074771937,-97.204731742 26.078774786,-97.238006904 26.07984219,-97.270687866 26.087847406,-97.296832636 26.1083916199999,-97.2950500379999 26.110259097,-97.299209434 26.114794273,-97.2956442379999 26.1182622309999,-97.3001007329999 26.1206630649999,-97.296238437 26.1217300859999,-97.2908906429999 26.1131936429999,-97.2781153579999 26.117995469,-97.2825718529999 26.119596034,-97.2932674399999 26.138267669,-97.3001007329999 26.143335169,-97.296832636 26.143335169,-97.2956442379999 26.1572029929999,-97.309310822 26.1596030249999,-97.2998036329999 26.162269671,-97.3072311239999 26.166536176,-97.3039630279999 26.166536176,-97.296832636 26.179068134,-97.2953471379999 26.189999166,-97.296832636 26.203328306,-97.298318135 26.2009291729999,-97.303665929 26.2019954609999,-97.3131731179999 26.219321259,-97.306636925 26.234512529,-97.31139052 26.233713038,-97.3116876189999 26.237710438,-97.303665929 26.244905412,-97.3075282239999 26.2494353519999,-97.2950500379999 26.258761144,-97.3054485269999 26.253965116,-97.314361516 26.2550309169999,-97.32030351 26.248103035,-97.3286223 26.245704826,-97.331296197 26.2494353519999,-97.328028101 26.2523663959999,-97.314955716 26.260359776,-97.3119847189999 26.2579618199999,-97.3140644169999 26.2731480389999,-97.319412211 26.2702175199999,-97.322977406 26.272881631,-97.3315932969999 26.26568839,-97.3428830839999 26.2664876609999,-97.344962781 26.269951105,-97.3434772829999 26.284869376,-97.348230877 26.28220554,-97.350607675 26.2851357559999,-97.347339579 26.2907295999999,-97.347339579 26.307775842,-97.3535786709999 26.3152327849999,-97.334267194 26.332541694,-97.327731001 26.357568462,-97.357738067 26.357036034,-97.3292164989999 26.364489804,-97.333375895 26.377000408,-97.351796073 26.367684129,-97.3422888839999 26.379662064,-97.3393178879999 26.377532744,-97.335752692 26.380726709,-97.3782180299999 26.4804002979999,-97.382138462 26.483324534,-97.3849725839999 26.4815286,-97.3573951409999 26.416297305,-97.3610061629999 26.4123954159999,-97.35506417 26.404412527,-97.358332266 26.4068074519999,-97.3613032629999 26.398291939,-97.365759757 26.4155884159999,-97.384774136 26.44166128,-97.3862596339999 26.453099552,-97.395469723 26.4632068469999,-97.4020059159999 26.4624089339999,-97.4008175169999 26.468526119,-97.4115131049999 26.48315285,-97.4070566099999 26.4940552039999,-97.408839208 26.506020011,-97.4204260949999 26.5352620719999,-97.4162666999999 26.5530694939999,-97.425476789 26.557853107,-97.4314187819999 26.584159406,-97.445976665 26.6093971439999,-97.443896968 26.636753874,-97.4566722529999 26.6672900559999,-97.4673678409999 26.7089653889999,-97.47657793 26.8004913569999,-97.481925724 26.8113634539999,-97.482519924 26.8073859779999,-97.489056116 26.807120808,-97.489056116 26.802612824,-97.492324212 26.8073859779999,-97.511436152 26.8104094529999,-97.508367594 26.819317986,-97.48578802 26.819052844,-97.4721214359999 26.81560594,-97.470041738 26.8097724799999,-97.431715882 26.781396373,-97.417353688 26.763152713,-97.4126000939999 26.7317400449999,-97.391684278 26.68587896,-97.3907335589999 26.667189521,-97.3536555209999 26.60175238,-97.3413009289999 26.5632799619999,-97.344343229 26.560218618,-97.372551059 26.559580828,-97.378445517 26.558220196,-97.378255373 26.5556689689999,-97.3748327849999 26.5536279469999,-97.357719844 26.555839053,-97.343582654 26.551544366,-97.319055691 26.537370756,-97.2962368529999 26.504760131,-97.2682857169999 26.437697875),-97.258778527 26.4247575129999,-97.2544052199999 26.428673829,-97.24984177 26.422884446,-97.248700907 26.416243325,-97.255165796 26.413007769,-97.250792489 26.409090922,-97.233728669 26.321766092,-97.2261229169999 26.3166531,-97.194749193 26.240997087,-97.196175272 26.232469374,-97.181914488 26.176810703,-97.1826275269999 26.162305226,-97.1793000109999 26.152918367,-97.183102887 26.149718129,-97.1781116119999 26.1463044449999,-97.1672971849999 26.091049339,-97.168485583 26.080109039,-97.173536278 26.077173663,-97.166702986 26.075305658,-97.1637319889999 26.0675664619999,-97.155290397 26.068495193,-97.1528185279999 26.0633710709999,-97.157762266 26.0605527079999,-97.1628406899999 26.064097002,-97.180963769 26.052086537,-97.178583011 26.042701504,-97.173639272 26.047655699,-97.169741325 26.047655699,-97.16850539 26.044239035,-97.1713575469999 26.025701898,-97.1655581619999 26.021173949,-97.1704068279999 26.018610882))","Lower Laguna Madre"
"Menidia beryllina","eatenBy","Cynoscion nebulosus",26.457036,-97.336679,,"Matlock and Garcia 1983",184057200000,1555092,1555054,,,"Literature","Literature",,,,,,,,,,,"POLYGON((-97.1704068279999 26.018610882,-97.1815302389999 26.009981477,-97.185333115 26.014338979,-97.198262892 26.015535127,-97.197502317 26.01006692,-97.2009249049999 26.0119466449999,-97.209956735 26.0092124899999,-97.219368852 26.01357002,-97.2157561199999 26.0210885139999,-97.1961713099999 26.033390467,-97.1846676119999 26.046203629,-97.1964129509999 26.051819624,-97.199681048 26.074771937,-97.204731742 26.078774786,-97.238006904 26.07984219,-97.270687866 26.087847406,-97.296832636 26.1083916199999,-97.2950500379999 26.110259097,-97.299209434 26.114794273,-97.2956442379999 26.1182622309999,-97.3001007329999 26.1206630649999,-97.296238437 26.1217300859999,-97.2908906429999 26.1131936429999,-97.2781153579999 26.117995469,-97.2825718529999 26.119596034,-97.2932674399999 26.138267669,-97.3001007329999 26.143335169,-97.296832636 26.143335169,-97.2956442379999 26.1572029929999,-97.309310822 26.1596030249999,-97.2998036329999 26.162269671,-97.3072311239999 26.166536176,-97.3039630279999 26.166536176,-97.296832636 26.179068134,-97.2953471379999 26.189999166,-97.296832636 26.203328306,-97.298318135 26.2009291729999,-97.303665929 26.2019954609999,-97.3131731179999 26.219321259,-97.306636925 26.234512529,-97.31139052 26.233713038,-97.3116876189999 26.237710438,-97.303665929 26.244905412,-97.3075282239999 26.2494353519999,-97.2950500379999 26.258761144,-97.3054485269999 26.253965116,-97.314361516 26.2550309169999,-97.32030351 26.248103035,-97.3286223 26.245704826,-97.331296197 26.2494353519999,-97.328028101 26.2523663959999,-97.314955716 26.260359776,-97.3119847189999 26.2579618199999,-97.3140644169999 26.2731480389999,-97.319412211 26.2702175199999,-97.322977406 26.272881631,-97.3315932969999 26.26568839,-97.3428830839999 26.2664876609999,-97.344962781 26.269951105,-97.3434772829999 26.284869376,-97.348230877 26.28220554,-97.350607675 26.2851357559999,-97.347339579 26.2907295999999,-97.347339579 26.307775842,-97.3535786709999 26.3152327849999,-97.334267194 26.332541694,-97.327731001 26.357568462,-97.357738067 26.357036034,-97.3292164989999 26.364489804,-97.333375895 26.377000408,-97.351796073 26.367684129,-97.3422888839999 26.379662064,-97.3393178879999 26.377532744,-97.335752692 26.380726709,-97.3782180299999 26.4804002979999,-97.382138462 26.483324534,-97.3849725839999 26.4815286,-97.3573951409999 26.416297305,-97.3610061629999 26.4123954159999,-97.35506417 26.404412527,-97.358332266 26.4068074519999,-97.3613032629999 26.398291939,-97.365759757 26.4155884159999,-97.384774136 26.44166128,-97.3862596339999 26.453099552,-97.395469723 26.4632068469999,-97.4020059159999 26.4624089339999,-97.4008175169999 26.468526119,-97.4115131049999 26.48315285,-97.4070566099999 26.4940552039999,-97.408839208 26.506020011,-97.4204260949999 26.5352620719999,-97.4162666999999 26.5530694939999,-97.425476789 26.557853107,-97.4314187819999 26.584159406,-97.445976665 26.6093971439999,-97.443896968 26.636753874,-97.4566722529999 26.6672900559999,-97.4673678409999 26.7089653889999,-97.47657793 26.8004913569999,-97.481925724 26.8113634539999,-97.482519924 26.8073859779999,-97.489056116 26.807120808,-97.489056116 26.802612824,-97.492324212 26.8073859779999,-97.511436152 26.8104094529999,-97.508367594 26.819317986,-97.48578802 26.819052844,-97.4721214359999 26.81560594,-97.470041738 26.8097724799999,-97.431715882 26.781396373,-97.417353688 26.763152713,-97.4126000939999 26.7317400449999,-97.391684278 26.68587896,-97.3907335589999 26.667189521,-97.3536555209999 26.60175238,-97.3413009289999 26.5632799619999,-97.344343229 26.560218618,-97.372551059 26.559580828,-97.378445517 26.558220196,-97.378255373 26.5556689689999,-97.3748327849999 26.5536279469999,-97.357719844 26.555839053,-97.343582654 26.551544366,-97.319055691 26.537370756,-97.2962368529999 26.504760131,-97.2682857169999 26.437697875),-97.258778527 26.4247575129999,-97.2544052199999 26.428673829,-97.24984177 26.422884446,-97.248700907 26.416243325,-97.255165796 26.413007769,-97.250792489 26.409090922,-97.233728669 26.321766092,-97.2261229169999 26.3166531,-97.194749193 26.240997087,-97.196175272 26.232469374,-97.181914488 26.176810703,-97.1826275269999 26.162305226,-97.1793000109999 26.152918367,-97.183102887 26.149718129,-97.1781116119999 26.1463044449999,-97.1672971849999 26.091049339,-97.168485583 26.080109039,-97.173536278 26.077173663,-97.166702986 26.075305658,-97.1637319889999 26.0675664619999,-97.155290397 26.068495193,-97.1528185279999 26.0633710709999,-97.157762266 26.0605527079999,-97.1628406899999 26.064097002,-97.180963769 26.052086537,-97.178583011 26.042701504,-97.173639272 26.047655699,-97.169741325 26.047655699,-97.16850539 26.044239035,-97.1713575469999 26.025701898,-97.1655581619999 26.021173949,-97.1704068279999 26.018610882))","Lower Laguna Madre"
"Menidia beryllina","eatenBy","Cynoscion nebulosus",28.566558,-96.288511,,"Matlock and Garcia 1983",184057200000,1554880,1554838,,,"Literature","Literature",,,,,,,,,,,"POLYGON((-95.673152314 28.745974354,-95.692166693 28.736075445,-95.6927608919999 28.740243521,-95.701079682 28.7386805119999,-95.7036941589999 28.728259854,-95.770006803 28.701786714,-95.772383601 28.6967831629999,-95.789496541 28.695740727,-95.7959138939999 28.688026374,-95.837983206 28.672804497,-95.834893369 28.6677995609999,-95.866742453 28.657580408,-95.871733727 28.6546604669999,-95.8703076479999 28.649654665,-95.882904674 28.650906137,-95.904533529 28.6369305079999,-95.9066726469999 28.6396423429999,-95.9197450319999 28.6375563229999,-95.933292776 28.630463542,-95.960863625 28.625665213,-95.960863625 28.6333841569999,-95.9556346709999 28.6302549239999,-95.9560624939999 28.634260325,-95.9529251219999 28.635386817,-95.9562051019999 28.643897696,-95.9544938079999 28.654159897,-95.946935593 28.658539799,-95.947363416 28.66304465,-95.9413738869999 28.662293855,-95.9366678279999 28.670802551,-95.944796475 28.679936117,-95.94379822 28.686191525,-95.9316290179999 28.6980340729999,-95.785455986 28.7491001299999,-95.7824849889999 28.745974354,-95.775354597 28.748058215,-95.7664416079999 28.743369469,-95.750398226 28.747016289,-95.7444562329999 28.736596463,-95.7313838479999 28.7371174789999,-95.6672103209999 28.76003961,-95.666021923 28.751183929,-95.673152314 28.745974354,-96.452035952 28.756877652,-96.447995397 28.7503139029999,-96.444549041 28.751876738,-96.4414592039999 28.7416657939999,-96.4340911329999 28.743645544,-96.429099858 28.740415405,-96.4326650539999 28.717488968,-96.415789793 28.7239505639999,-96.4151955939999 28.732287517,-96.403905807 28.7366641509999,-96.3987956929999 28.7372893689999,-96.389645023 28.729265448,-96.387268226 28.7164467379999,-96.393685579 28.710714286,-96.3844160689999 28.707900058,-96.39297254 28.7022713749999,-96.389407344 28.6899706079999,-96.395111657 28.679440836,-96.387149386 28.670786866,-96.3866740269999 28.6648433629999,-96.3736016419999 28.664947638,-96.3606480969999 28.660463725,-96.3557756619999 28.6403358909999,-96.3576771 28.633243298,-96.3650451719999 28.62886234,-96.3614799759999 28.626671792,-96.3296308919999 28.640961685,-96.303129603 28.646697955,-96.306100599 28.659525207,-96.3012281649999 28.6743319519999,-96.2901760569999 28.68173454,-96.2912456159999 28.6837154259999,-96.263318248 28.6927853179999,-96.268903722 28.697580575,-96.261297971 28.705502693,-96.260228412 28.7148833729999,-96.2664080849999 28.7151960479999,-96.2692602409999 28.7184269659999,-96.267002284 28.720928254,-96.265457366 28.716342514,-96.259871892 28.7196776179999,-96.256069017 28.717072077,-96.255831337 28.701541709,-96.262605209 28.6995611609999,-96.2595153729999 28.686634557,-96.263199408 28.680587695,-96.283045666 28.6719338179999,-96.264744327 28.6782939659999,-96.2357473999999 28.694870239,-96.224219933 28.6984145099999,-96.206631633 28.697059362,-96.2100779889999 28.706857732,-96.2003706689999 28.7121109479999,-96.19977647 28.715654636,-96.205005424 28.7284734429999,-96.195379395 28.7360806099999,-96.191814199 28.744729182,-96.1771968959999 28.7486885299999,-96.1798921839999 28.7595988829999,-96.1766977679999 28.7621491909999,-96.1762414229999 28.7571485279999,-96.1693392039999 28.756498425,-96.168312427 28.7494970519999,-96.18582467 28.733442132,-96.18947543 28.7255388049999,-96.182516168 28.715583763,-96.1822309519999 28.7049273169999,-96.1909585519999 28.696421394,-96.190901509 28.6883651469999,-96.200085453 28.6772555159999,-96.2169702209999 28.664893415,-96.210638433 28.6611895059999,-96.215544143 28.652229509,-96.2307176169999 28.6440697389999,-96.2381902669999 28.643869492,-96.213775806 28.625294853,-96.2116081669999 28.614378842,-96.199535401 28.617707923,-96.179807983 28.629808554,-96.162457363 28.618229531,-96.154376252 28.6173949569999,-96.1573472489999 28.615621467,-96.1540197329999 28.614473898,-96.155564651 28.6125960309999),-96.168042837 28.6089445269999,-96.179768949 28.594144578,-96.144458985 28.6130517349999,-96.100033792 28.6237595869999,-96.03738674 28.6521763639999,-96.028802889 28.652837128,-96.0205202249999 28.647947378,-96.020068444 28.650458359,-96.0132917189999 28.6422644089999,-96.01253875 28.645172013,-96.005009056 28.6421322429999,-96.0041054929999 28.645039851,-95.9997382709999 28.644246875,-96.005460838 28.656669475,-96.001545397 28.654819394,-95.9959734239999 28.65772665,-95.9928109519999 28.6503262029999,-96.001545397 28.6398854,-96.0051596499999 28.6398854,-96.0056114319999 28.632351517,-95.988594324 28.6515155959999,-95.9904014499999 28.647022264,-95.975040875 28.656801622,-95.9864860099999 28.6430574,-95.9789563159999 28.6377706809999,-95.987014966 28.633594959,-95.982736731 28.6313002019999,-95.981904852 28.626084658,-95.9899859629999 28.6273364119999,-95.9895106029999 28.6226422569999,-95.9961656349999 28.617426284,-95.9908178419999 28.61460955,-95.995809116 28.612314378,-95.985945407 28.606054562,-95.9896294429999 28.60407221,-95.99260044 28.6063675619999,-95.991174361 28.60208982,-95.997948233 28.598542291,-96.008881501 28.601881145,-96.013040896 28.5973945359999,-96.011020618 28.594368576,-96.0147046539999 28.5931164279999,-96.017675651 28.5973945359999,-96.021721158 28.5964998,-96.024288099 28.5904894799999,-96.0327494969999 28.589070326,-96.0403552479999 28.5832265509999,-96.046344778 28.5884024829999,-96.0484363589999 28.585981514,-96.045203915 28.582308214,-96.054140673 28.5816403279999,-96.053189954 28.575545667,-96.055566751 28.5777998979999,-96.0626971429999 28.574293296,-96.067260594 28.577966876,-96.070397966 28.5697011409999,-96.083993246 28.5665282619999,-96.0886517689999 28.561768764,-96.095592017 28.5653592819999,-96.097778671 28.5603492229999,-96.1153669699999 28.554253329,-96.1160324739999 28.551330515,-96.121926931 28.5529171949999,-96.134096133 28.5455681579999,-96.1460751909999 28.5427286199999,-96.1449343289999 28.5398054859999,-96.153015439 28.5405571569999,-96.2072064169999 28.5126582279999,-96.204544404 28.504387367,-96.2181396849999 28.511070941,-96.213005803 28.507395028,-96.2187101159999 28.498705995,-96.22194256 28.498204683,-96.226886299 28.504303819,-96.2362984159999 28.502382212,-96.239340716 28.4997921629999,-96.2335413309999 28.492690092,-96.257879735 28.4817436109999,-96.256073369 28.479069489,-96.261017108 28.4804901249999,-96.2765138259999 28.47422247,-96.3245609859999 28.441774185,-96.3354037449999 28.438463697,-96.3361567139999 28.432901845,-96.348312519 28.428415899,-96.3764775669999 28.400612783,-96.403454216 28.3870221389999,-96.407138251 28.3988356439999,-96.403216536 28.4077210409999,-96.4057121729999 28.408870861,-96.3969180229999 28.442105728,-96.394184706 28.4431506799999,-96.400958578 28.4413742549999,-96.4057121729999 28.454853441,-96.462279948 28.498518376,-96.476778412 28.504889022,-96.48618722 28.4991060179999,-96.5038067039999 28.495400276,-96.5092280829999 28.4897090619999,-96.506121894 28.487034808,-96.520501518 28.475544536,-96.5219275959999 28.4666648329999,-96.523591354 28.473873119,-96.5288203079999 28.477633769,-96.5607882319999 28.481394285,-96.5604317119999 28.4925705829999,-96.5515187219999 28.488601566,-96.536782579 28.487557063,-96.523472514 28.493092811,-96.516936322 28.503536829,-96.4968523849999 28.5130399859999,-96.493540424 28.5175436339999,-96.5124303709999 28.531933874,-96.5250273959999 28.556779783,-96.5559257609999 28.567321863,-96.569592345 28.5836026049999,-96.597044354 28.5838113159999,-96.590745841 28.579428296,-96.595737115 28.572122856,-96.592884959 28.567321863,-96.60060955 28.568783058,-96.6010849089999 28.5730621559999,-96.612493536 28.5682612049999,-96.618792049 28.572435957,-96.639707865 28.573479619,-96.6439861 28.5798457339999),-96.642322342 28.5860027569999,-96.63531079 28.577549803,-96.620099287 28.579010856,-96.619148568 28.5880898019999,-96.611305137 28.587776748,-96.6130877349999 28.602071933,-96.6218818849999 28.6206423349999,-96.6108297779999 28.641712632,-96.631032555 28.652663344,-96.637568747 28.6729973449999,-96.664783076 28.695933533,-96.655988926 28.704585426,-96.662762798 28.714487317,-96.6601483209999 28.715216893,-96.6644265569999 28.723867191,-96.6600294819999 28.7205322209999,-96.655275887 28.720115342,-96.655157047 28.723450325,-96.6458875379999 28.7215744099999,-96.6437484199999 28.7178224799999,-96.6512353319999 28.7195942409999,-96.6456498579999 28.711568962,-96.586824125 28.7253262069999,-96.579456054 28.712298558,-96.580406773 28.698122634,-96.5676909069999 28.693535894,-96.5691169859999 28.7023964599999,-96.5584213979999 28.689991458,-96.562343114 28.681129841,-96.5736329009999 28.672580277,-96.571018424 28.6699735639999,-96.576247378 28.667679603,-96.5670967079999 28.6612145329999,-96.563056153 28.6489089429999,-96.5695768359999 28.6555334409999,-96.5761130279999 28.6557941509999,-96.575221729 28.638064384,-96.571062334 28.635717573,-96.5686855369999 28.641193385,-96.551291006 28.646197348,-96.550934487 28.642129823,-96.5634126719999 28.6380621409999,-96.5625807929999 28.6346201329999,-96.5539054829999 28.6358717859999,-96.543209895 28.6453629969999,-96.518015844 28.6403567509999,-96.5164709259999 28.6579818479999,-96.5100535729999 28.651620468,-96.5091028549999 28.6405653489999,-96.4957927899999 28.6297176839999,-96.497694228 28.623980485,-96.514569488 28.61594788,-96.4954362699999 28.614383015,-96.4848595219999 28.6079146609999,-96.4736885749999 28.627005593,-96.462161108 28.63743633,-96.449207563 28.635663178,-96.4498017629999 28.625023636,-96.444810488 28.622207106,-96.435065619 28.602906628,-96.4408887729999 28.594559377,-96.4607350299999 28.583185181,-96.471311778 28.5847505109999,-96.474282774 28.5953941319999,-96.4790363689999 28.5965419099999,-96.4836711239999 28.5880898019999,-96.4840038749999 28.574502398,-96.4887574699999 28.5692840349999,-96.4744966859999 28.57335438,-96.380850874 28.6199955559999,-96.3923783399999 28.6184307509999,-96.395111657 28.615301072,-96.3997464119999 28.624898458,-96.3941609379999 28.632304537,-96.4009348109999 28.633764829,-96.4010536499999 28.628445096,-96.413294156 28.6286537179999,-96.417097032 28.631887307,-96.411630398 28.636685352,-96.4174535519999 28.6401272919999,-96.4199491889999 28.646802248,-96.4067579639999 28.666928841,-96.421612947 28.675374602,-96.423633225 28.6832984,-96.409491281 28.6960169279999,-96.405807245 28.729473869,-96.417928911 28.7093592969999,-96.432427374 28.708316985,-96.4405084849999 28.7187396309999,-96.435398371 28.731766476,-96.4363490899999 28.738018786,-96.450847553 28.7401028059999,-96.453105511 28.758127844,-96.447876557 28.7629201049999,-96.452035952 28.756877652))","Matagorga Bay"
"Menidia beryllina","eatenBy","Cynoscion nebulosus",28.566558,-96.288511,,"Matlock and Garcia 1983",184057200000,1554876,1554838,,,"Literature","Literature",,,,,,,,,,,"POLYGON((-95.673152314 28.745974354,-95.692166693 28.736075445,-95.6927608919999 28.740243521,-95.701079682 28.7386805119999,-95.7036941589999 28.728259854,-95.770006803 28.701786714,-95.772383601 28.6967831629999,-95.789496541 28.695740727,-95.7959138939999 28.688026374,-95.837983206 28.672804497,-95.834893369 28.6677995609999,-95.866742453 28.657580408,-95.871733727 28.6546604669999,-95.8703076479999 28.649654665,-95.882904674 28.650906137,-95.904533529 28.6369305079999,-95.9066726469999 28.6396423429999,-95.9197450319999 28.6375563229999,-95.933292776 28.630463542,-95.960863625 28.625665213,-95.960863625 28.6333841569999,-95.9556346709999 28.6302549239999,-95.9560624939999 28.634260325,-95.9529251219999 28.635386817,-95.9562051019999 28.643897696,-95.9544938079999 28.654159897,-95.946935593 28.658539799,-95.947363416 28.66304465,-95.9413738869999 28.662293855,-95.9366678279999 28.670802551,-95.944796475 28.679936117,-95.94379822 28.686191525,-95.9316290179999 28.6980340729999,-95.785455986 28.7491001299999,-95.7824849889999 28.745974354,-95.775354597 28.748058215,-95.7664416079999 28.743369469,-95.750398226 28.747016289,-95.7444562329999 28.736596463,-95.7313838479999 28.7371174789999,-95.6672103209999 28.76003961,-95.666021923 28.751183929,-95.673152314 28.745974354,-96.452035952 28.756877652,-96.447995397 28.7503139029999,-96.444549041 28.751876738,-96.4414592039999 28.7416657939999,-96.4340911329999 28.743645544,-96.429099858 28.740415405,-96.4326650539999 28.717488968,-96.415789793 28.7239505639999,-96.4151955939999 28.732287517,-96.403905807 28.7366641509999,-96.3987956929999 28.7372893689999,-96.389645023 28.729265448,-96.387268226 28.7164467379999,-96.393685579 28.710714286,-96.3844160689999 28.707900058,-96.39297254 28.7022713749999,-96.389407344 28.6899706079999,-96.395111657 28.679440836,-96.387149386 28.670786866,-96.3866740269999 28.6648433629999,-96.3736016419999 28.664947638,-96.3606480969999 28.660463725,-96.3557756619999 28.6403358909999,-96.3576771 28.633243298,-96.3650451719999 28.62886234,-96.3614799759999 28.626671792,-96.3296308919999 28.640961685,-96.303129603 28.646697955,-96.306100599 28.659525207,-96.3012281649999 28.6743319519999,-96.2901760569999 28.68173454,-96.2912456159999 28.6837154259999,-96.263318248 28.6927853179999,-96.268903722 28.697580575,-96.261297971 28.705502693,-96.260228412 28.7148833729999,-96.2664080849999 28.7151960479999,-96.2692602409999 28.7184269659999,-96.267002284 28.720928254,-96.265457366 28.716342514,-96.259871892 28.7196776179999,-96.256069017 28.717072077,-96.255831337 28.701541709,-96.262605209 28.6995611609999,-96.2595153729999 28.686634557,-96.263199408 28.680587695,-96.283045666 28.6719338179999,-96.264744327 28.6782939659999,-96.2357473999999 28.694870239,-96.224219933 28.6984145099999,-96.206631633 28.697059362,-96.2100779889999 28.706857732,-96.2003706689999 28.7121109479999,-96.19977647 28.715654636,-96.205005424 28.7284734429999,-96.195379395 28.7360806099999,-96.191814199 28.744729182,-96.1771968959999 28.7486885299999,-96.1798921839999 28.7595988829999,-96.1766977679999 28.7621491909999,-96.1762414229999 28.7571485279999,-96.1693392039999 28.756498425,-96.168312427 28.7494970519999,-96.18582467 28.733442132,-96.18947543 28.7255388049999,-96.182516168 28.715583763,-96.1822309519999 28.7049273169999,-96.1909585519999 28.696421394,-96.190901509 28.6883651469999,-96.200085453 28.6772555159999,-96.2169702209999 28.664893415,-96.210638433 28.6611895059999,-96.215544143 28.652229509,-96.2307176169999 28.6440697389999,-96.2381902669999 28.643869492,-96.213775806 28.625294853,-96.2116081669999 28.614378842,-96.199535401 28.617707923,-96.179807983 28.629808554,-96.162457363 28.618229531,-96.154376252 28.6173949569999,-96.1573472489999 28.615621467,-96.1540197329999 28.614473898,-96.155564651 28.6125960309999),-96.168042837 28.6089445269999,-96.179768949 28.594144578,-96.144458985 28.6130517349999,-96.100033792 28.6237595869999,-96.03738674 28.6521763639999,-96.028802889 28.652837128,-96.0205202249999 28.647947378,-96.020068444 28.650458359,-96.0132917189999 28.6422644089999,-96.01253875 28.645172013,-96.005009056 28.6421322429999,-96.0041054929999 28.645039851,-95.9997382709999 28.644246875,-96.005460838 28.656669475,-96.001545397 28.654819394,-95.9959734239999 28.65772665,-95.9928109519999 28.6503262029999,-96.001545397 28.6398854,-96.0051596499999 28.6398854,-96.0056114319999 28.632351517,-95.988594324 28.6515155959999,-95.9904014499999 28.647022264,-95.975040875 28.656801622,-95.9864860099999 28.6430574,-95.9789563159999 28.6377706809999,-95.987014966 28.633594959,-95.982736731 28.6313002019999,-95.981904852 28.626084658,-95.9899859629999 28.6273364119999,-95.9895106029999 28.6226422569999,-95.9961656349999 28.617426284,-95.9908178419999 28.61460955,-95.995809116 28.612314378,-95.985945407 28.606054562,-95.9896294429999 28.60407221,-95.99260044 28.6063675619999,-95.991174361 28.60208982,-95.997948233 28.598542291,-96.008881501 28.601881145,-96.013040896 28.5973945359999,-96.011020618 28.594368576,-96.0147046539999 28.5931164279999,-96.017675651 28.5973945359999,-96.021721158 28.5964998,-96.024288099 28.5904894799999,-96.0327494969999 28.589070326,-96.0403552479999 28.5832265509999,-96.046344778 28.5884024829999,-96.0484363589999 28.585981514,-96.045203915 28.582308214,-96.054140673 28.5816403279999,-96.053189954 28.575545667,-96.055566751 28.5777998979999,-96.0626971429999 28.574293296,-96.067260594 28.577966876,-96.070397966 28.5697011409999,-96.083993246 28.5665282619999,-96.0886517689999 28.561768764,-96.095592017 28.5653592819999,-96.097778671 28.5603492229999,-96.1153669699999 28.554253329,-96.1160324739999 28.551330515,-96.121926931 28.5529171949999,-96.134096133 28.5455681579999,-96.1460751909999 28.5427286199999,-96.1449343289999 28.5398054859999,-96.153015439 28.5405571569999,-96.2072064169999 28.5126582279999,-96.204544404 28.504387367,-96.2181396849999 28.511070941,-96.213005803 28.507395028,-96.2187101159999 28.498705995,-96.22194256 28.498204683,-96.226886299 28.504303819,-96.2362984159999 28.502382212,-96.239340716 28.4997921629999,-96.2335413309999 28.492690092,-96.257879735 28.4817436109999,-96.256073369 28.479069489,-96.261017108 28.4804901249999,-96.2765138259999 28.47422247,-96.3245609859999 28.441774185,-96.3354037449999 28.438463697,-96.3361567139999 28.432901845,-96.348312519 28.428415899,-96.3764775669999 28.400612783,-96.403454216 28.3870221389999,-96.407138251 28.3988356439999,-96.403216536 28.4077210409999,-96.4057121729999 28.408870861,-96.3969180229999 28.442105728,-96.394184706 28.4431506799999,-96.400958578 28.4413742549999,-96.4057121729999 28.454853441,-96.462279948 28.498518376,-96.476778412 28.504889022,-96.48618722 28.4991060179999,-96.5038067039999 28.495400276,-96.5092280829999 28.4897090619999,-96.506121894 28.487034808,-96.520501518 28.475544536,-96.5219275959999 28.4666648329999,-96.523591354 28.473873119,-96.5288203079999 28.477633769,-96.5607882319999 28.481394285,-96.5604317119999 28.4925705829999,-96.5515187219999 28.488601566,-96.536782579 28.487557063,-96.523472514 28.493092811,-96.516936322 28.503536829,-96.4968523849999 28.5130399859999,-96.493540424 28.5175436339999,-96.5124303709999 28.531933874,-96.5250273959999 28.556779783,-96.5559257609999 28.567321863,-96.569592345 28.5836026049999,-96.597044354 28.5838113159999,-96.590745841 28.579428296,-96.595737115 28.572122856,-96.592884959 28.567321863,-96.60060955 28.568783058,-96.6010849089999 28.5730621559999,-96.612493536 28.5682612049999,-96.618792049 28.572435957,-96.639707865 28.573479619,-96.6439861 28.5798457339999),-96.642322342 28.5860027569999,-96.63531079 28.577549803,-96.620099287 28.579010856,-96.619148568 28.5880898019999,-96.611305137 28.587776748,-96.6130877349999 28.602071933,-96.6218818849999 28.6206423349999,-96.6108297779999 28.641712632,-96.631032555 28.652663344,-96.637568747 28.6729973449999,-96.664783076 28.695933533,-96.655988926 28.704585426,-96.662762798 28.714487317,-96.6601483209999 28.715216893,-96.6644265569999 28.723867191,-96.6600294819999 28.7205322209999,-96.655275887 28.720115342,-96.655157047 28.723450325,-96.6458875379999 28.7215744099999,-96.6437484199999 28.7178224799999,-96.6512353319999 28.7195942409999,-96.6456498579999 28.711568962,-96.586824125 28.7253262069999,-96.579456054 28.712298558,-96.580406773 28.698122634,-96.5676909069999 28.693535894,-96.5691169859999 28.7023964599999,-96.5584213979999 28.689991458,-96.562343114 28.681129841,-96.5736329009999 28.672580277,-96.571018424 28.6699735639999,-96.576247378 28.667679603,-96.5670967079999 28.6612145329999,-96.563056153 28.6489089429999,-96.5695768359999 28.6555334409999,-96.5761130279999 28.6557941509999,-96.575221729 28.638064384,-96.571062334 28.635717573,-96.5686855369999 28.641193385,-96.551291006 28.646197348,-96.550934487 28.642129823,-96.5634126719999 28.6380621409999,-96.5625807929999 28.6346201329999,-96.5539054829999 28.6358717859999,-96.543209895 28.6453629969999,-96.518015844 28.6403567509999,-96.5164709259999 28.6579818479999,-96.5100535729999 28.651620468,-96.5091028549999 28.6405653489999,-96.4957927899999 28.6297176839999,-96.497694228 28.623980485,-96.514569488 28.61594788,-96.4954362699999 28.614383015,-96.4848595219999 28.6079146609999,-96.4736885749999 28.627005593,-96.462161108 28.63743633,-96.449207563 28.635663178,-96.4498017629999 28.625023636,-96.444810488 28.622207106,-96.435065619 28.602906628,-96.4408887729999 28.594559377,-96.4607350299999 28.583185181,-96.471311778 28.5847505109999,-96.474282774 28.5953941319999,-96.4790363689999 28.5965419099999,-96.4836711239999 28.5880898019999,-96.4840038749999 28.574502398,-96.4887574699999 28.5692840349999,-96.4744966859999 28.57335438,-96.380850874 28.6199955559999,-96.3923783399999 28.6184307509999,-96.395111657 28.615301072,-96.3997464119999 28.624898458,-96.3941609379999 28.632304537,-96.4009348109999 28.633764829,-96.4010536499999 28.628445096,-96.413294156 28.6286537179999,-96.417097032 28.631887307,-96.411630398 28.636685352,-96.4174535519999 28.6401272919999,-96.4199491889999 28.646802248,-96.4067579639999 28.666928841,-96.421612947 28.675374602,-96.423633225 28.6832984,-96.409491281 28.6960169279999,-96.405807245 28.729473869,-96.417928911 28.7093592969999,-96.432427374 28.708316985,-96.4405084849999 28.7187396309999,-96.435398371 28.731766476,-96.4363490899999 28.738018786,-96.450847553 28.7401028059999,-96.453105511 28.758127844,-96.447876557 28.7629201049999,-96.452035952 28.756877652))","Matagorga Bay"
"Menidia beryllina","eatenBy","Cynoscion nebulosus",29.872737,-93.830095,,"Matlock and Garcia 1983",184057200000,1554826,1554784,,,"Literature","Literature",,,,,,,,,,,"POLYGON((-93.899115683 29.7657097929999,-93.902518869 29.766846009,-93.9192752889999 29.770559675,-93.9285447989999 29.773963747,-93.932228835 29.7772645549999,-93.9372201089999 29.780152673,-93.937695468 29.7831438499999,-93.933060714 29.799232787,-93.92771292 29.8211961959999,-93.9228404849999 29.839134555,-93.923078165 29.845113293,-93.924385403 29.850576309,-93.926405681 29.854699142,-93.9283071189999 29.858306481,-93.9280694389999 29.860264696,-93.923434685 29.8640779529999,-93.9249796029999 29.867169675,-93.923829635 29.868481055,-93.922008606 29.866654395,-93.916898492 29.871807079,-93.913689816 29.8759290349999,-93.911431858 29.876959497,-93.9108376589999 29.8788143029999,-93.899191352 29.880153863,-93.892588457 29.882264314,-93.8808421349999 29.8942762669999,-93.8722582839999 29.90445918,-93.870257886 29.909857443,-93.8708283179999 29.924838337,-93.870942404 29.927507963,-93.8644430819999 29.935174135,-93.8644430819999 29.949462348,-93.8604322369999 29.955897809,-93.8607362289999 29.958599997,-93.858501089 29.9600162859999,-93.858847745 29.961832249,-93.8564213909999 29.963619813,-93.8583525389999 29.967351899,-93.85775834 29.969539609,-93.8547873429999 29.9715985859999,-93.8497366489999 29.9714699009999,-93.8464685529999 29.973271474,-93.8485482499999 29.97738923,-93.8502894209999 29.978841926,-93.8513706969999 29.9812494719999,-93.855381542 29.983565545,-93.861026436 29.985495565,-93.8644962599999 29.987928766,-93.8643319889999 29.9905571629999,-93.8607667929999 29.988755904,-93.8545277 29.989785199,-93.845020511 29.986439952,-93.8423466139999 29.984123946,-93.8378901189999 29.983094593,-93.8310568269999 29.979749121,-93.820955439 29.9825799119999,-93.8126366479999 29.988755904,-93.8026794609999 29.991415916,-93.791542573 29.9985337729999,-93.7906512739999 29.9951888209999,-93.7951077679999 29.9915864389999,-93.785897679 29.991843756,-93.7882744759999 29.9879839259999,-93.78470928 29.9846386189999,-93.7766875899999 29.9848959539999,-93.7775788889999 29.982837253,-93.78470928 29.979234423,-93.7763904899999 29.978205019,-93.764506503 29.9746020209999,-93.756484813 29.967653012,-93.757079012 29.954010953,-93.7576732109999 29.947317938,-93.7600500089999 29.945258458,-93.7636152049999 29.934445488,-93.7636152049999 29.9295535209999,-93.7636152049999 29.9171937949999,-93.7633181049999 29.913846105,-93.7662891009999 29.9107558299999,-93.7698542969999 29.90174198,-93.7707455959999 29.89736353,-93.7686658989999 29.8896363839999,-93.770151397 29.885514995,-93.774904992 29.881651037,-93.7808469849999 29.862844308,-93.786491878 29.854341472,-93.7873831769999 29.849445571,-93.791245473 29.8463533,-93.795404868 29.843776334,-93.799267164 29.8370759109999,-93.806397555 29.829086357,-93.816498944 29.8275399179999,-93.82868003 29.8249624669999,-93.831651027 29.8231582109999,-93.8390785179999 29.824446968,-93.84620891 29.818776312,-93.8502293279999 29.8158346819999,-93.856904498 29.814394221,-93.8619551919999 29.8141364449999,-93.8649261879999 29.8061450579999,-93.867600085 29.811300864,-93.871462381 29.808722994,-93.878028283 29.810031272,-93.8877731519999 29.801678625,-93.8988252599999 29.798481749,-93.904077982 29.794459727,-93.9043014669999 29.792735643,-93.9020435089999 29.791601178,-93.896101516 29.7799463819999,-93.8896841629999 29.770765985,-93.8932493589999 29.767980755,-93.8923260279999 29.76688935,-93.890368307 29.7671507969999,-93.8888623689999 29.7676736879999,-93.8867540539999 29.766627903,-93.88539871 29.7671507969999,-93.8840433649999 29.7689809029999,-93.883290395 29.76688935,-93.8834409889999 29.765059206,-93.8835915829999 29.7617910079999,-93.8850975219999 29.7611373559999,-93.885549303 29.7572153519999,-93.8867540539999 29.75656167,-93.8861516789999 29.7555157699999,-93.884344552 29.752508746,-93.880730299 29.7512013149999,-93.878772579 29.744663909,-93.877417234 29.7428333589999),-93.872899418 29.7423103389999,-93.8715440729999 29.740741261,-93.869586353 29.7387798799999,-93.86792982 29.738126077,-93.864917942 29.7340724069999,-93.862659034 29.7311955099999,-93.8619060649999 29.727795434,-93.861002502 29.726226129,-93.856785873 29.726618457,-93.856635279 29.7280569819999,-93.8552799339999 29.728580077,-93.851063306 29.724656799,-93.851665681 29.722302759,-93.854376371 29.7190331679999,-93.854376371 29.7173329379999,-93.8530210259999 29.714717144,-93.850009149 29.714586352,-93.847750241 29.7097469469999,-93.8459431139999 29.707654159,-93.839919359 29.7021603829999,-93.8396181709999 29.699544193,-93.837961639 29.6961430449999,-93.8357027309999 29.692480141,-93.83374501 29.6907794619999,-93.8382628269999 29.680705618,-93.839316984 29.683583962,-93.841274704 29.687508844,-93.8421782669999 29.6899945229999,-93.843684206 29.690910284,-93.844738363 29.6923493209999,-93.84850321 29.694965698,-93.852268057 29.697843634,-93.8536234019999 29.699282571,-93.854075183 29.702291191,-93.854075183 29.704253285,-93.854526965 29.705822934,-93.8557317159999 29.7068693519999,-93.8563340919999 29.70817736,-93.857087061 29.710531731,-93.86055072 29.713670807,-93.8625084399999 29.71864081,-93.8634120039999 29.720079449,-93.864315567 29.720994936,-93.864917942 29.7221719779999,-93.8661226929999 29.723087446,-93.86792982 29.7234797859999,-93.8689839769999 29.725179912,-93.870188728 29.727533884,-93.87064051 29.728972396,-93.870188728 29.7302801159999,-93.871393479 29.732241664,-93.875610108 29.7345954709999,-93.87997733 29.7368184599999,-93.883742177 29.737472271,-93.8850975219999 29.738649119,-93.8896153379999 29.7391721589999,-93.8911212769999 29.740741261,-93.893681373 29.742048828,-93.8960908749999 29.745056166,-93.8971450319999 29.748978645,-93.89744622 29.752639488,-93.898952158 29.7607451629999,-93.897596813 29.761660278,-93.898048595 29.7628368429999,-93.8977474069999 29.7637519399999,-93.8978841139999 29.7652986079999,-93.899115683 29.7657097929999))","Sabine Lake"
"Menidia beryllina","eatenBy","Cynoscion nebulosus",29.872737,-93.830095,,"Matlock and Garcia 1983",184057200000,1554822,1554784,,,"Literature","Literature",,,,,,,,,,,"POLYGON((-93.899115683 29.7657097929999,-93.902518869 29.766846009,-93.9192752889999 29.770559675,-93.9285447989999 29.773963747,-93.932228835 29.7772645549999,-93.9372201089999 29.780152673,-93.937695468 29.7831438499999,-93.933060714 29.799232787,-93.92771292 29.8211961959999,-93.9228404849999 29.839134555,-93.923078165 29.845113293,-93.924385403 29.850576309,-93.926405681 29.854699142,-93.9283071189999 29.858306481,-93.9280694389999 29.860264696,-93.923434685 29.8640779529999,-93.9249796029999 29.867169675,-93.923829635 29.868481055,-93.922008606 29.866654395,-93.916898492 29.871807079,-93.913689816 29.8759290349999,-93.911431858 29.876959497,-93.9108376589999 29.8788143029999,-93.899191352 29.880153863,-93.892588457 29.882264314,-93.8808421349999 29.8942762669999,-93.8722582839999 29.90445918,-93.870257886 29.909857443,-93.8708283179999 29.924838337,-93.870942404 29.927507963,-93.8644430819999 29.935174135,-93.8644430819999 29.949462348,-93.8604322369999 29.955897809,-93.8607362289999 29.958599997,-93.858501089 29.9600162859999,-93.858847745 29.961832249,-93.8564213909999 29.963619813,-93.8583525389999 29.967351899,-93.85775834 29.969539609,-93.8547873429999 29.9715985859999,-93.8497366489999 29.9714699009999,-93.8464685529999 29.973271474,-93.8485482499999 29.97738923,-93.8502894209999 29.978841926,-93.8513706969999 29.9812494719999,-93.855381542 29.983565545,-93.861026436 29.985495565,-93.8644962599999 29.987928766,-93.8643319889999 29.9905571629999,-93.8607667929999 29.988755904,-93.8545277 29.989785199,-93.845020511 29.986439952,-93.8423466139999 29.984123946,-93.8378901189999 29.983094593,-93.8310568269999 29.979749121,-93.820955439 29.9825799119999,-93.8126366479999 29.988755904,-93.8026794609999 29.991415916,-93.791542573 29.9985337729999,-93.7906512739999 29.9951888209999,-93.7951077679999 29.9915864389999,-93.785897679 29.991843756,-93.7882744759999 29.9879839259999,-93.78470928 29.9846386189999,-93.7766875899999 29.9848959539999,-93.7775788889999 29.982837253,-93.78470928 29.979234423,-93.7763904899999 29.978205019,-93.764506503 29.9746020209999,-93.756484813 29.967653012,-93.757079012 29.954010953,-93.7576732109999 29.947317938,-93.7600500089999 29.945258458,-93.7636152049999 29.934445488,-93.7636152049999 29.9295535209999,-93.7636152049999 29.9171937949999,-93.7633181049999 29.913846105,-93.7662891009999 29.9107558299999,-93.7698542969999 29.90174198,-93.7707455959999 29.89736353,-93.7686658989999 29.8896363839999,-93.770151397 29.885514995,-93.774904992 29.881651037,-93.7808469849999 29.862844308,-93.786491878 29.854341472,-93.7873831769999 29.849445571,-93.791245473 29.8463533,-93.795404868 29.843776334,-93.799267164 29.8370759109999,-93.806397555 29.829086357,-93.816498944 29.8275399179999,-93.82868003 29.8249624669999,-93.831651027 29.8231582109999,-93.8390785179999 29.824446968,-93.84620891 29.818776312,-93.8502293279999 29.8158346819999,-93.856904498 29.814394221,-93.8619551919999 29.8141364449999,-93.8649261879999 29.8061450579999,-93.867600085 29.811300864,-93.871462381 29.808722994,-93.878028283 29.810031272,-93.8877731519999 29.801678625,-93.8988252599999 29.798481749,-93.904077982 29.794459727,-93.9043014669999 29.792735643,-93.9020435089999 29.791601178,-93.896101516 29.7799463819999,-93.8896841629999 29.770765985,-93.8932493589999 29.767980755,-93.8923260279999 29.76688935,-93.890368307 29.7671507969999,-93.8888623689999 29.7676736879999,-93.8867540539999 29.766627903,-93.88539871 29.7671507969999,-93.8840433649999 29.7689809029999,-93.883290395 29.76688935,-93.8834409889999 29.765059206,-93.8835915829999 29.7617910079999,-93.8850975219999 29.7611373559999,-93.885549303 29.7572153519999,-93.8867540539999 29.75656167,-93.8861516789999 29.7555157699999,-93.884344552 29.752508746,-93.880730299 29.7512013149999,-93.878772579 29.744663909,-93.877417234 29.7428333589999),-93.872899418 29.7423103389999,-93.8715440729999 29.740741261,-93.869586353 29.7387798799999,-93.86792982 29.738126077,-93.864917942 29.7340724069999,-93.862659034 29.7311955099999,-93.8619060649999 29.727795434,-93.861002502 29.726226129,-93.856785873 29.726618457,-93.856635279 29.7280569819999,-93.8552799339999 29.728580077,-93.851063306 29.724656799,-93.851665681 29.722302759,-93.854376371 29.7190331679999,-93.854376371 29.7173329379999,-93.8530210259999 29.714717144,-93.850009149 29.714586352,-93.847750241 29.7097469469999,-93.8459431139999 29.707654159,-93.839919359 29.7021603829999,-93.8396181709999 29.699544193,-93.837961639 29.6961430449999,-93.8357027309999 29.692480141,-93.83374501 29.6907794619999,-93.8382628269999 29.680705618,-93.839316984 29.683583962,-93.841274704 29.687508844,-93.8421782669999 29.6899945229999,-93.843684206 29.690910284,-93.844738363 29.6923493209999,-93.84850321 29.694965698,-93.852268057 29.697843634,-93.8536234019999 29.699282571,-93.854075183 29.702291191,-93.854075183 29.704253285,-93.854526965 29.705822934,-93.8557317159999 29.7068693519999,-93.8563340919999 29.70817736,-93.857087061 29.710531731,-93.86055072 29.713670807,-93.8625084399999 29.71864081,-93.8634120039999 29.720079449,-93.864315567 29.720994936,-93.864917942 29.7221719779999,-93.8661226929999 29.723087446,-93.86792982 29.7234797859999,-93.8689839769999 29.725179912,-93.870188728 29.727533884,-93.87064051 29.728972396,-93.870188728 29.7302801159999,-93.871393479 29.732241664,-93.875610108 29.7345954709999,-93.87997733 29.7368184599999,-93.883742177 29.737472271,-93.8850975219999 29.738649119,-93.8896153379999 29.7391721589999,-93.8911212769999 29.740741261,-93.893681373 29.742048828,-93.8960908749999 29.745056166,-93.8971450319999 29.748978645,-93.89744622 29.752639488,-93.898952158 29.7607451629999,-93.897596813 29.761660278,-93.898048595 29.7628368429999,-93.8977474069999 29.7637519399999,-93.8978841139999 29.7652986079999,-93.899115683 29.7657097929999))","Sabine Lake"
"Menidia beryllina","eatenBy","Cynoscion nebulosus",28.063123,-97.004403,,"Matlock and Garcia 1983",184057200000,1554930,1554892,,,"Literature","Literature",,,,,,,,,,,"POLYGON((-96.8838951009999 28.161539244,-96.887460297 28.16195833,-96.8736748719999 28.1749491749999,-96.8377852339999 28.197155677,-96.8323185999999 28.1977840959999,-96.8244751689999 28.206372115,-96.7997544969999 28.184263636,-96.8074790879999 28.177323763,-96.816392077 28.175097671,-96.8193630739999 28.168157203,-96.82277972 28.167633376,-96.816243528 28.1575492029999,-96.819660174 28.1414387479999,-96.803765342 28.144058499,-96.802874043 28.1368540299999,-96.8119355829999 28.132924115,-96.809855885 28.125325871,-96.8242652179999 28.114975671,-96.833837591 28.0995045109999,-96.8429614479999 28.0784780709999,-96.845264853 28.065892328,-96.842695272 28.0647586129999,-96.8529088709999 28.0601090589999,-96.8567583279999 28.0674723029999,-96.8524162819999 28.0700776209999,-96.8341293109999 28.113699075,-96.843537083 28.1086668,-96.84650808 28.112650014,-96.848647197 28.1108680689999,-96.854232671 28.120301563,-96.873009369 28.1324590649999,-96.875029647 28.1400044069999,-96.874316608 28.1331926639999,-96.881803519 28.132983065,-96.879859409 28.127273869,-96.887275016 28.117044395,-96.9032470939999 28.112516284,-96.885753866 28.111174585,-96.87890869 28.108323418,-96.8808101279999 28.106143063,-96.9114232759999 28.0985953369999,-96.9264446349999 28.088530877,-96.9351912489999 28.0548080619999,-96.941846282 28.051955398,-96.9465998759999 28.0534656419999,-96.9469801639999 28.043732591,-96.956487353 28.0345021609999,-96.978734175 27.9980761919999,-96.9825370509999 27.979438792,-96.972839718 27.988002322,-96.9678959799999 27.986994883,-96.9755017309999 27.981789633,-96.980065182 27.970370784,-96.974551012 27.969195246,-96.9834877699999 27.964828848,-96.985769495 27.953744123,-96.9926938979999 27.947823405,-96.99622926 27.949789232,-97.0305442709999 27.943359124,-97.0436166559999 27.935485002,-97.044953604 27.9291852899999,-97.034555116 27.9399470749999,-97.028613123 27.936666157,-97.0179175349999 27.943359124,-97.0081132459999 27.9453275649999,-97.0041024009999 27.942571738,-96.996972009 27.947689647,-96.995165767 27.945723782,-97.008856119 27.925229318,-97.023307047 27.914140528,-97.028821217 27.913972508,-97.037187543 27.905403106,-97.039088981 27.892127594,-97.045553869 27.8916234279999,-97.0444183639999 27.870984707,-97.056135975 27.849509392,-97.046153426 27.839547772,-97.047529878 27.833430953,-97.0571559069999 27.842573496,-97.120022195 27.8300679849999,-97.1460983169999 27.821783479,-97.192285479 27.820788986,-97.1651115869999 27.864809458,-97.1446117109999 27.887132562,-97.14520591 27.891859217,-97.1335661549999 27.895024432,-97.1329637799999 27.891297685,-97.121217458 27.891430786,-97.117000829 27.8857073249999,-97.109320541 27.8902328769999,-97.1285965569999 27.8951575279999,-97.1257352739999 27.9047399899999,-97.1308624809999 27.905983289,-97.1302920499999 27.91631684,-97.119453854 27.9243813639999,-97.1160312659999 27.934713157,-97.1113252079999 27.9348391489999,-97.08289277 27.9768853329999,-97.08289277 27.981419158,-97.072011337 27.974669484,-97.0766163809999 27.9690280579999,-97.078844629 27.970602439,-97.0828554739999 27.962336681,-97.0729026359999 27.95997492,-97.080924326 27.931498508,-97.0775076799999 27.920210849,-97.0815185259999 27.9183732109999,-97.0828554739999 27.9102347269999,-97.0783989789999 27.914960373,-97.070674388 27.91417278,-97.0656236939999 27.907740553,-97.0819641749999 27.889229358,-97.0831525739999 27.883452166,-97.0789931789999 27.883058256,-97.08671777 27.880038227,-97.0885003679999 27.874654488,-97.091619914 27.873472656,-97.101721303 27.8825330389999,-97.096373509 27.873997916,-97.097116258 27.8667753629999,-97.1020184019999 27.864936818,-97.1020184019999 27.8603403199999,-97.1104857419999 27.8566629799999,-97.089094567 27.863623553,-97.0850837219999 27.8504900229999,-97.0986017559999 27.842871847,-97.125340725 27.839325272),-97.129054471 27.8412956059999,-97.12994577 27.838274413,-97.0929568629999 27.8398506979999,-97.081369976 27.8445794159999,-97.076319282 27.8420837289999,-97.060573 27.845892912,-97.050025962 27.88463389,-97.0538882569999 27.90327715,-97.074833783 27.919685813,-97.076319282 27.938060559,-97.069634539 27.959450077,-97.066663543 27.9901490919999,-97.0560117769999 28.0033226269999,-97.0468848759999 28.0253128999999,-97.0354762489999 28.031019565,-97.025018341 28.0318587549999,-97.0253986289999 28.040585942,-97.0339550989999 28.0556890169999,-97.032053661 28.064749843,-97.0360466799999 28.0691121909999,-97.036426968 28.080352809,-97.030532511 28.09813407,-97.020579272 28.1044492519999,-97.0363843779999 28.117419556,-97.0534676089999 28.118598716,-97.0466343159999 28.115585281,-97.0490111139999 28.098813313,-97.065500145 28.0861015589999,-97.103083252 28.076796126,-97.112441891 28.068538517,-97.111996242 28.060542449,-97.121354881 28.054774425,-97.1183838839999 28.047170647,-97.12180053 28.051890297,-97.127593974 28.052939079,-97.134872915 28.046777333,-97.131307719 28.039697445,-97.118978084 28.0377307259999,-97.118086785 28.0340594219999,-97.1259599259999 28.027240954,-97.13041642 28.0296012419999,-97.1408149089999 28.026978697,-97.147796751 27.9999627619999,-97.1697821249999 27.9934044749999,-97.170821974 27.985009285,-97.180180613 27.983041567,-97.166216929 28.0028482829999,-97.1567097399999 28.004159857,-97.1604234859999 28.020553191,-97.155224242 28.02212682,-97.150767747 28.0340594219999,-97.160869136 28.040615234,-97.1574524889999 28.047039543,-97.177952366 28.04795727,-97.1815175619999 28.051497,-97.1806262629999 28.05621646,-97.1681480769999 28.054381139,-97.213901425 28.073781517,-97.2217745659999 28.07024252,-97.203800036 28.067358807,-97.2014232389999 28.063033092,-97.203651487 28.0609357129999,-97.2144956239999 28.057003017,-97.2186550189999 28.057920658,-97.219991968 28.063164176,-97.2352925999999 28.0609357129999,-97.2373722979999 28.0652615119999,-97.2300933559999 28.071160049,-97.241977343 28.0777135989999,-97.222071665 28.077058262,-97.2018688889999 28.1020892939999,-97.1705248749999 28.122791181,-97.1758726679999 28.123446238,-97.168296627 28.130258602,-97.1635430329999 28.1267214669999,-97.1518075959999 28.1387734469999,-97.1562640909999 28.1396903899999,-97.1604234859999 28.134581608,-97.1672567779999 28.1334026239999,-97.17409007 28.135629583,-97.184488559 28.148204486,-97.18330016 28.161039843,-97.1489851489999 28.173087962,-97.143340256 28.1703379669999,-97.136952613 28.150038203,-97.1394779599999 28.144798929,-97.1476482009999 28.1416552419999,-97.133684517 28.144144002,-97.0898623169999 28.168635554,-97.032224983 28.187622472,-97.0188554979999 28.2018931769999,-97.03460178 28.199274842,-97.0372756769999 28.2012386,-97.02613444 28.2063442,-97.0221235949999 28.2034641479999,-97.009645409 28.2032023209999,-97.0115765569999 28.19796565,-97.0071200619999 28.1899792339999,-97.010833808 28.184872852,-97.01781565 28.1829087929999,-97.0193011479999 28.163135266,-97.0148446529999 28.158813412,-97.016330151 28.1530506689999,-97.027768488 28.1504311379999,-97.0103881579999 28.140345345,-97.0099425089999 28.134712605,-96.998355622 28.1372015269999,-96.9891455319999 28.130389605,-96.997464323 28.128162536,-96.9789203579999 28.1251602769999,-96.984795727 28.128421173,-96.9745533149999 28.133486583,-96.9776431519999 28.1395647589999,-96.972651877 28.1466904569999,-96.974077956 28.152558322,-96.9657591649999 28.161359518,-96.9657591649999 28.166178914,-96.972889557 28.172883799,-96.969324361 28.1707885669999,-96.951023022 28.183987841,-96.9462694279999 28.1953002069999,-96.9669475639999 28.217083612,-96.983822825 28.2122665109999,-96.9852489029999 28.2166647429999,-96.9681359629999 28.220434511,-96.95316214 28.230905392),-96.9524491009999 28.240956472,-96.9415158329999 28.2493316479999,-96.9412781529999 28.256240673,-96.938901356 28.250378499,-96.930820245 28.252262804,-96.927730409 28.262102525,-96.91774786 28.269220055,-96.913707305 28.26880139,-96.9122812269999 28.263986623,-96.9217884159999 28.2541470759999,-96.920362337 28.249122277,-96.92701737 28.2415846329999,-96.92677969 28.234046456,-96.9341477619999 28.2348840579999,-96.9423904949999 28.2186334159999,-96.930411436 28.2105071679999,-96.928414927 28.2016262299999,-96.920428888 28.200788368,-96.9246120509999 28.197520642,-96.9264184169999 28.1891414,-96.9351650309999 28.184616337,-96.938207331 28.176822723,-96.933929096 28.17279999,-96.9516124679999 28.1682742349999,-96.947999736 28.165508402,-96.9459081549999 28.148157453,-96.9538941929999 28.1362532439999,-96.964542245 28.132480507,-96.959503435 28.131474421,-96.9570315659999 28.124515404,-96.9655395759999 28.125072964,-96.933856281 28.122812569,-96.907474128 28.151163294,-96.9065471769999 28.1466366239999,-96.9163871169999 28.135256234,-96.9108254119999 28.1341244169999,-96.926060386 28.1145113319999,-96.919595498 28.116607665,-96.9127503219999 28.120632508,-96.91217989 28.1263341119999,-96.905334714 28.1291848,-96.90001465 28.143706061,-96.884232716 28.147226917,-96.8869849369999 28.1546240909999,-96.8703473559999 28.16824442,-96.860127128 28.173273026,-96.8447199059999 28.1753838029999,-96.8456801319999 28.1787946729999,-96.83854974 28.188448436,-96.823775568 28.20121822,-96.8838951009999 28.161539244))","Aransas Bay"
"Menidia beryllina","eatenBy","Cynoscion nebulosus",28.063123,-97.004403,,"Matlock and Garcia 1983",184057200000,1554934,1554892,,,"Literature","Literature",,,,,,,,,,,"POLYGON((-96.8838951009999 28.161539244,-96.887460297 28.16195833,-96.8736748719999 28.1749491749999,-96.8377852339999 28.197155677,-96.8323185999999 28.1977840959999,-96.8244751689999 28.206372115,-96.7997544969999 28.184263636,-96.8074790879999 28.177323763,-96.816392077 28.175097671,-96.8193630739999 28.168157203,-96.82277972 28.167633376,-96.816243528 28.1575492029999,-96.819660174 28.1414387479999,-96.803765342 28.144058499,-96.802874043 28.1368540299999,-96.8119355829999 28.132924115,-96.809855885 28.125325871,-96.8242652179999 28.114975671,-96.833837591 28.0995045109999,-96.8429614479999 28.0784780709999,-96.845264853 28.065892328,-96.842695272 28.0647586129999,-96.8529088709999 28.0601090589999,-96.8567583279999 28.0674723029999,-96.8524162819999 28.0700776209999,-96.8341293109999 28.113699075,-96.843537083 28.1086668,-96.84650808 28.112650014,-96.848647197 28.1108680689999,-96.854232671 28.120301563,-96.873009369 28.1324590649999,-96.875029647 28.1400044069999,-96.874316608 28.1331926639999,-96.881803519 28.132983065,-96.879859409 28.127273869,-96.887275016 28.117044395,-96.9032470939999 28.112516284,-96.885753866 28.111174585,-96.87890869 28.108323418,-96.8808101279999 28.106143063,-96.9114232759999 28.0985953369999,-96.9264446349999 28.088530877,-96.9351912489999 28.0548080619999,-96.941846282 28.051955398,-96.9465998759999 28.0534656419999,-96.9469801639999 28.043732591,-96.956487353 28.0345021609999,-96.978734175 27.9980761919999,-96.9825370509999 27.979438792,-96.972839718 27.988002322,-96.9678959799999 27.986994883,-96.9755017309999 27.981789633,-96.980065182 27.970370784,-96.974551012 27.969195246,-96.9834877699999 27.964828848,-96.985769495 27.953744123,-96.9926938979999 27.947823405,-96.99622926 27.949789232,-97.0305442709999 27.943359124,-97.0436166559999 27.935485002,-97.044953604 27.9291852899999,-97.034555116 27.9399470749999,-97.028613123 27.936666157,-97.0179175349999 27.943359124,-97.0081132459999 27.9453275649999,-97.0041024009999 27.942571738,-96.996972009 27.947689647,-96.995165767 27.945723782,-97.008856119 27.925229318,-97.023307047 27.914140528,-97.028821217 27.913972508,-97.037187543 27.905403106,-97.039088981 27.892127594,-97.045553869 27.8916234279999,-97.0444183639999 27.870984707,-97.056135975 27.849509392,-97.046153426 27.839547772,-97.047529878 27.833430953,-97.0571559069999 27.842573496,-97.120022195 27.8300679849999,-97.1460983169999 27.821783479,-97.192285479 27.820788986,-97.1651115869999 27.864809458,-97.1446117109999 27.887132562,-97.14520591 27.891859217,-97.1335661549999 27.895024432,-97.1329637799999 27.891297685,-97.121217458 27.891430786,-97.117000829 27.8857073249999,-97.109320541 27.8902328769999,-97.1285965569999 27.8951575279999,-97.1257352739999 27.9047399899999,-97.1308624809999 27.905983289,-97.1302920499999 27.91631684,-97.119453854 27.9243813639999,-97.1160312659999 27.934713157,-97.1113252079999 27.9348391489999,-97.08289277 27.9768853329999,-97.08289277 27.981419158,-97.072011337 27.974669484,-97.0766163809999 27.9690280579999,-97.078844629 27.970602439,-97.0828554739999 27.962336681,-97.0729026359999 27.95997492,-97.080924326 27.931498508,-97.0775076799999 27.920210849,-97.0815185259999 27.9183732109999,-97.0828554739999 27.9102347269999,-97.0783989789999 27.914960373,-97.070674388 27.91417278,-97.0656236939999 27.907740553,-97.0819641749999 27.889229358,-97.0831525739999 27.883452166,-97.0789931789999 27.883058256,-97.08671777 27.880038227,-97.0885003679999 27.874654488,-97.091619914 27.873472656,-97.101721303 27.8825330389999,-97.096373509 27.873997916,-97.097116258 27.8667753629999,-97.1020184019999 27.864936818,-97.1020184019999 27.8603403199999,-97.1104857419999 27.8566629799999,-97.089094567 27.863623553,-97.0850837219999 27.8504900229999,-97.0986017559999 27.842871847,-97.125340725 27.839325272),-97.129054471 27.8412956059999,-97.12994577 27.838274413,-97.0929568629999 27.8398506979999,-97.081369976 27.8445794159999,-97.076319282 27.8420837289999,-97.060573 27.845892912,-97.050025962 27.88463389,-97.0538882569999 27.90327715,-97.074833783 27.919685813,-97.076319282 27.938060559,-97.069634539 27.959450077,-97.066663543 27.9901490919999,-97.0560117769999 28.0033226269999,-97.0468848759999 28.0253128999999,-97.0354762489999 28.031019565,-97.025018341 28.0318587549999,-97.0253986289999 28.040585942,-97.0339550989999 28.0556890169999,-97.032053661 28.064749843,-97.0360466799999 28.0691121909999,-97.036426968 28.080352809,-97.030532511 28.09813407,-97.020579272 28.1044492519999,-97.0363843779999 28.117419556,-97.0534676089999 28.118598716,-97.0466343159999 28.115585281,-97.0490111139999 28.098813313,-97.065500145 28.0861015589999,-97.103083252 28.076796126,-97.112441891 28.068538517,-97.111996242 28.060542449,-97.121354881 28.054774425,-97.1183838839999 28.047170647,-97.12180053 28.051890297,-97.127593974 28.052939079,-97.134872915 28.046777333,-97.131307719 28.039697445,-97.118978084 28.0377307259999,-97.118086785 28.0340594219999,-97.1259599259999 28.027240954,-97.13041642 28.0296012419999,-97.1408149089999 28.026978697,-97.147796751 27.9999627619999,-97.1697821249999 27.9934044749999,-97.170821974 27.985009285,-97.180180613 27.983041567,-97.166216929 28.0028482829999,-97.1567097399999 28.004159857,-97.1604234859999 28.020553191,-97.155224242 28.02212682,-97.150767747 28.0340594219999,-97.160869136 28.040615234,-97.1574524889999 28.047039543,-97.177952366 28.04795727,-97.1815175619999 28.051497,-97.1806262629999 28.05621646,-97.1681480769999 28.054381139,-97.213901425 28.073781517,-97.2217745659999 28.07024252,-97.203800036 28.067358807,-97.2014232389999 28.063033092,-97.203651487 28.0609357129999,-97.2144956239999 28.057003017,-97.2186550189999 28.057920658,-97.219991968 28.063164176,-97.2352925999999 28.0609357129999,-97.2373722979999 28.0652615119999,-97.2300933559999 28.071160049,-97.241977343 28.0777135989999,-97.222071665 28.077058262,-97.2018688889999 28.1020892939999,-97.1705248749999 28.122791181,-97.1758726679999 28.123446238,-97.168296627 28.130258602,-97.1635430329999 28.1267214669999,-97.1518075959999 28.1387734469999,-97.1562640909999 28.1396903899999,-97.1604234859999 28.134581608,-97.1672567779999 28.1334026239999,-97.17409007 28.135629583,-97.184488559 28.148204486,-97.18330016 28.161039843,-97.1489851489999 28.173087962,-97.143340256 28.1703379669999,-97.136952613 28.150038203,-97.1394779599999 28.144798929,-97.1476482009999 28.1416552419999,-97.133684517 28.144144002,-97.0898623169999 28.168635554,-97.032224983 28.187622472,-97.0188554979999 28.2018931769999,-97.03460178 28.199274842,-97.0372756769999 28.2012386,-97.02613444 28.2063442,-97.0221235949999 28.2034641479999,-97.009645409 28.2032023209999,-97.0115765569999 28.19796565,-97.0071200619999 28.1899792339999,-97.010833808 28.184872852,-97.01781565 28.1829087929999,-97.0193011479999 28.163135266,-97.0148446529999 28.158813412,-97.016330151 28.1530506689999,-97.027768488 28.1504311379999,-97.0103881579999 28.140345345,-97.0099425089999 28.134712605,-96.998355622 28.1372015269999,-96.9891455319999 28.130389605,-96.997464323 28.128162536,-96.9789203579999 28.1251602769999,-96.984795727 28.128421173,-96.9745533149999 28.133486583,-96.9776431519999 28.1395647589999,-96.972651877 28.1466904569999,-96.974077956 28.152558322,-96.9657591649999 28.161359518,-96.9657591649999 28.166178914,-96.972889557 28.172883799,-96.969324361 28.1707885669999,-96.951023022 28.183987841,-96.9462694279999 28.1953002069999,-96.9669475639999 28.217083612,-96.983822825 28.2122665109999,-96.9852489029999 28.2166647429999,-96.9681359629999 28.220434511,-96.95316214 28.230905392),-96.9524491009999 28.240956472,-96.9415158329999 28.2493316479999,-96.9412781529999 28.256240673,-96.938901356 28.250378499,-96.930820245 28.252262804,-96.927730409 28.262102525,-96.91774786 28.269220055,-96.913707305 28.26880139,-96.9122812269999 28.263986623,-96.9217884159999 28.2541470759999,-96.920362337 28.249122277,-96.92701737 28.2415846329999,-96.92677969 28.234046456,-96.9341477619999 28.2348840579999,-96.9423904949999 28.2186334159999,-96.930411436 28.2105071679999,-96.928414927 28.2016262299999,-96.920428888 28.200788368,-96.9246120509999 28.197520642,-96.9264184169999 28.1891414,-96.9351650309999 28.184616337,-96.938207331 28.176822723,-96.933929096 28.17279999,-96.9516124679999 28.1682742349999,-96.947999736 28.165508402,-96.9459081549999 28.148157453,-96.9538941929999 28.1362532439999,-96.964542245 28.132480507,-96.959503435 28.131474421,-96.9570315659999 28.124515404,-96.9655395759999 28.125072964,-96.933856281 28.122812569,-96.907474128 28.151163294,-96.9065471769999 28.1466366239999,-96.9163871169999 28.135256234,-96.9108254119999 28.1341244169999,-96.926060386 28.1145113319999,-96.919595498 28.116607665,-96.9127503219999 28.120632508,-96.91217989 28.1263341119999,-96.905334714 28.1291848,-96.90001465 28.143706061,-96.884232716 28.147226917,-96.8869849369999 28.1546240909999,-96.8703473559999 28.16824442,-96.860127128 28.173273026,-96.8447199059999 28.1753838029999,-96.8456801319999 28.1787946729999,-96.83854974 28.188448436,-96.823775568 28.20121822,-96.8838951009999 28.161539244))","Aransas Bay"
"Menidia beryllina","eatenBy","Elops saurus",30.184534,-90.13248,,"Levine 1980",,1497309,1497301,,,"Literature","Literature",,,,,,,,,,,"POLYGON((-90.3737909757 30.2156637866999,-90.3611993677999 30.2238241063,-90.3454598579999 30.2265440623999,-90.3328682501 30.2385109754,-90.3234245441999 30.2515641281,-90.3127216775999 30.2662468519999,-90.3032779716999 30.2733155288,-90.2925751049999 30.2825584148999,-90.2831313991 30.2950621103,-90.2730581128 30.3097383275,-90.2661327284999 30.3238689044999,-90.254170701 30.3385408078999,-90.2434678343 30.351037362,-90.2321353872 30.3613593986999,-90.2119888147 30.368964413,-90.1975084655999 30.3733098699,-90.1817689557999 30.3738530384999,-90.1672886066999 30.3657051936,-90.1515490968999 30.3602729198,-90.1307729438999 30.3553836154,-90.1093672105999 30.3521239433999,-90.0923685399999 30.3494074671,-90.0785177713 30.3445176198,-90.0697036458 30.3385408078999,-90.0627782615 30.329846612,-90.0577416183 30.3184343084,-90.0501866535999 30.3113688826999,-90.0338175634 30.3091948030999,-90.0174484732 30.3053900478,-90.0080047672999 30.2972365034,-90.0042272848999 30.2885386419999,-90.0029681240999 30.2771215285,-90.0067456065 30.2635279946999,-90.0004498026 30.2515641281,-89.9878581946999 30.2450377685,-89.9721186848999 30.2434061107999,-89.9576383357999 30.2428622189,-89.9431579868 30.2374231344,-89.9261593162 30.2368792094,-89.9104198064 30.2374231344,-89.8946802964999 30.2417744261,-89.885866171 30.2357913503,-89.8751633043 30.2308958355999,-89.8676083395999 30.2216480873,-89.853757571 30.2123994692999,-89.8386476415 30.2113113395,-89.8279447749 30.2058705096999,-89.8109461043 30.2053264102,-89.7983544963999 30.2015176293,-89.7845037276999 30.1933554597,-89.7750600218 30.1824715145,-89.7681346374999 30.1721306526,-89.7586909316 30.1623330456,-89.7668754766999 30.1509012735,-89.780096665 30.1351123622,-89.7939474335999 30.1269446927,-89.8071686219 30.1122411847999,-89.8241672924999 30.1084288069,-89.8336109984 30.1149642218,-89.8430547043 30.127489225,-89.8443138651 30.1400126395,-89.8373884808 30.149268055,-89.8399068023 30.1585226021,-89.8499800886 30.1645103757999,-89.8632012769 30.1645103757999,-89.8795703671 30.1661433418,-89.8902732338 30.1628773827,-89.8990873592999 30.1498124640999,-89.9110493868 30.1334788823999,-89.9267888966 30.1171425972999,-89.9494537907 30.0942672585,-89.9758961672 30.0735659614,-89.9941539985999 30.0610341243,-90.0073751869 30.0561299300999,-90.0193372143999 30.0621239122999,-90.033187983 30.0675726720999,-90.0426316889 30.0626688016999,-90.0476683321 30.0534052727,-90.0520753947999 30.0452308509999,-90.0596303595 30.0435958857,-90.0734811282 30.0457758334,-90.0885910575999 30.0414158899,-90.1150334340999 30.0435958857,-90.1269954616 30.0441408770999,-90.1326616851 30.0337855271,-90.148401195 30.0299701253999,-90.1792506342 30.0343305725,-90.2183368496 30.0448946716,-90.2359128696 30.0534052727,-90.2453565754999 30.0566748524999,-90.2636144069 30.0588545124,-90.2793539167 30.0615790198,-90.2919455245999 30.0637585716999,-90.3083146147999 30.068662388,-90.3202766423 30.068662388,-90.3316090893 30.0664829440999,-90.3448302775999 30.0653932041,-90.3624585286 30.0708417839999,-90.3775684579999 30.0811932591999,-90.3907896462999 30.0893647113,-90.3989741914 30.0975354881999,-90.4071587364999 30.1089734414,-90.4147137012 30.1264001573,-90.4172320227999 30.1427349107,-90.4166024424 30.1585226021,-90.4140841207999 30.1748520372999,-90.4065291561 30.1857368243999,-90.3939375483 30.2053264102,-90.3863825834999 30.2080468776999,-90.3737909757 30.2156637866999))","Lake Pontchartrain"
"Menidia beryllina","eatenBy","Micropterus salmoides",30.034687,-90.086702,,"Levine 1980",,1500430,1500376,,,"Literature","Literature",,,,,,,,,,,"POLYGON((-89.8128348454 30.0959013869,-89.8292039356999 30.0959013869,-89.8367589004 30.099714248,-89.8462026062999 30.111151949,-89.8543871514 30.1242219859999,-89.8606829553 30.1362013337,-89.8575350532999 30.1427349107,-89.853757571 30.1509012735,-89.8556463121999 30.1547120114,-89.8619421160999 30.153078856,-89.8688675004 30.1509012735,-89.8789407866999 30.1519900708,-89.8940507160999 30.1313008672,-89.9148268690999 30.1051609374,-89.9381213437 30.0806484716999,-89.9636177999 30.0608418986,-89.9897469359 30.0463208128999,-90.0067456065 30.0397808616999,-90.0143005711999 30.0397808616999,-90.0205963752 30.0430508912,-90.0237442770999 30.0485007005999,-90.0294105006999 30.0512254928999,-90.0319288222 30.0381458063999,-90.0369654654 30.0343305725,-90.0621486810999 30.0337855271,-90.0728515477999 30.0326954274,-90.0779950966999 30.0321662636,-90.0815859710999 30.027891599,-90.0871219022999 30.0273734453,-90.0887677197 30.0286688244999,-90.0911616358999 30.0302232571,-90.0953509892 30.0293165076999,-90.1035800762 30.0277620608,-90.1125572619999 30.0267257494,-90.1147658831 30.0293705592,-90.1206996577 30.0288799837,-90.123000934 30.0228463762999,-90.1294642951999 30.0198599124999,-90.1433645518 30.020158418,-90.162881544 30.020158418,-90.1861760185 30.0250643930999,-90.2157237332999 30.0333177720999,-90.2220957984 30.0344251408,-90.2182278946 30.0448475140999,-90.1792506342 30.0343305725,-90.148401195 30.0299701253999,-90.1326616851 30.0337855271,-90.1269954616 30.0441408770999,-90.1150334340999 30.0435958857,-90.0885910575999 30.0414158899,-90.0734811282 30.0457758334,-90.0596303595 30.0435958857,-90.0520753947999 30.0452308509999,-90.0476683321 30.0534052727,-90.0426316889 30.0626688016999,-90.033187983 30.0675726720999,-90.0193372143999 30.0621239122999,-90.0073751869 30.0561299300999,-89.9941539985999 30.0610341243,-89.9758961672 30.0735659614,-89.9494537907 30.0942672585,-89.9267888966 30.1171425972999,-89.9110493868 30.1334788823999,-89.8990873592999 30.1498124640999,-89.8902732338 30.1628773827,-89.8795703671 30.1661433418,-89.8632012769 30.1645103757999,-89.8499800886 30.1645103757999,-89.8399068023 30.1585226021,-89.8373884808 30.149268055,-89.8443138651 30.1400126395,-89.8430547043 30.127489225,-89.8336109984 30.1149642218,-89.8241672924999 30.1084288069,-89.8071686219 30.1122411847999,-89.7939474335999 30.1269446927,-89.780096665 30.1351123622,-89.7668754766999 30.1509012735,-89.7586909316 30.1623330456,-89.7681346374999 30.1721306526,-89.7750600218 30.1824715145,-89.7845037276999 30.1933554597,-89.7983544963999 30.2015176293,-89.8109461043 30.2053264102,-89.8279447749 30.2058705096999,-89.8386476415 30.2113113395,-89.853757571 30.2123994692999,-89.8676083395999 30.2216480873,-89.8751633043 30.2308958355999,-89.885866171 30.2357913503,-89.8946802964999 30.2417744261,-89.9104198064 30.2374231344,-89.9261593162 30.2368792094,-89.9431579868 30.2374231344,-89.9576383357999 30.2428622189,-89.9721186848999 30.2434061107999,-89.9878581946999 30.2450377685,-90.0004498026 30.2515641281,-90.0067456065 30.2635279946999,-90.0029681240999 30.2771215285,-90.0042272848999 30.2885386419999,-90.0080047672999 30.2972365034,-90.0174484732 30.3053900478,-90.0338175634 30.3091948030999,-90.0501866535999 30.3113688826999,-90.0577416183 30.3184343084,-90.0627782615 30.329846612,-90.0697036458 30.3385408078999,-90.0785177713 30.3445176198,-90.0923685399999 30.3494074671,-90.1093672105999 30.3521239433999,-90.1307729438999 30.3553836154,-90.1515490968999 30.3602729198,-90.1672886066999 30.3657051936,-90.1817689557999 30.3738530384999,-90.1975084655999 30.3733098699,-90.2119888147 30.368964413,-90.2321353872 30.3613593986999,-90.2434678343 30.351037362,-90.254170701 30.3385408078999,-90.2661327284999 30.3238689044999,-90.2730581128 30.3097383275,-90.2831313991 30.2950621103,-90.2925751049999 30.2825584148999,-90.3032779716999 30.2733155288,-90.3127216775999 30.2662468519999,-90.3234245441999 30.2515641281,-90.3328682501 30.2385109754,-90.3454598579999 30.2265440623999,-90.3611993677999 30.2238241063,-90.3737909757 30.2156637866999,-90.3863825834999 30.2080468776999,-90.3939375483 30.2053264102,-90.3996037718 30.1971645564,-90.4065291561 30.1857368243999,-90.4140841207999 30.1748520372999,-90.4166024424 30.1585226021,-90.4172320227999 30.1427349107,-90.4147137012 30.1264001573,-90.4071587364999 30.1089734414,-90.3989741914 30.0975354881999,-90.3907896462999 30.0893647113,-90.3775684579999 30.0811932591999,-90.3624585286 30.0708417839999,-90.3448302775999 30.0653932041,-90.3316090893 30.0664829440999,-90.3202766423 30.068662388,-90.3083146147999 30.068662388,-90.2919455245999 30.0637585716999,-90.2793539167 30.0615790198,-90.2636144069 30.0588545124,-90.2453565754999 30.0566748524999,-90.2359128696 30.0534052727,-90.2183368496 30.0448946716,-90.2221502759 30.0344251408,-90.2291233983 30.0365474323999,-90.2340216558999 30.0396804105,-90.2349500626999 30.0418012979,-90.2351134952999 30.0432160587,-90.2369537124999 30.0438971475999,-90.2385797103 30.0431293998,-90.2406726322 30.0408390387,-90.2422086735 30.0414158899,-90.2560594421999 30.0474107627,-90.2799834971 30.0506805405,-90.2825018186999 30.0485007005999,-90.3057962932 30.0550400760999,-90.3158695795 30.0577646885,-90.3353731385 30.0537340411999,-90.3517556619 30.0550400760999,-90.3700134932999 30.0588545124,-90.3800867796 30.0653932041,-90.3983446109999 30.0752004317999,-90.4128249600999 30.0888199687999,-90.4247869874999 30.1100627012,-90.4310827915 30.1302118416,-90.4329715326 30.1438237981,-90.4317123718 30.1666876578,-90.4260461483 30.1895462156999,-90.4153432816 30.2020617499,-90.4084178972999 30.214575693,-90.4002333522 30.2216480873,-90.3895304855 30.2238241063,-90.3800867796 30.2308958355999,-90.3744205561 30.2330716499999,-90.3645515254 30.2391032564,-90.3561627246999 30.2395988043,-90.3442006971999 30.2521079718,-90.3391640540999 30.255370971,-90.3366457325 30.2618966442,-90.3284611873999 30.2754904037999,-90.3215538615999 30.284695065,-90.3095737756 30.2912568065,-90.2982413284999 30.2999544267999,-90.2919455245999 30.3102818489999,-90.2856497206999 30.3233254583999,-90.2762060147999 30.3347371921999,-90.2680214696 30.3472342318,-90.2516523793999 30.3586431788,-90.2346537087999 30.3711371656,-90.2195437793999 30.3814570810999,-90.2019155283999 30.388517448,-90.1918422420999 30.3890605321,-90.1868055988999 30.3874312708999,-90.1823985361999 30.3825433246,-90.1735844107 30.3830864418,-90.1641407048 30.3803708254999,-90.1584744812 30.3771119863,-90.142105391 30.3754825259999,-90.1345504262999 30.3700507952999,-90.1188109164999 30.3662484042999,-90.0999235047 30.3651619798,-90.0873318967999 30.3619026336,-90.0722219673999 30.3548403443,-90.0659261634999 30.3521239433999,-90.053964136 30.3450609482,-90.0476683321 30.3374540756,-90.0432612693 30.329846612,-90.0413725280999 30.3244123475,-90.033187983 30.3238689044999,-90.0205963752 30.320608183,-90.0080047672999 30.3168038706999,-89.9941539985999 30.3043029476999,-89.9891173554999 30.2956057130999,-89.9865990339 30.2863640560999,-89.9853398731 30.2765778232999,-89.9882088823 30.2656091248999,-89.9784630838999 30.2580426052999,-89.9748494732999 30.2577588495,-89.9708595241 30.2591776663999,-89.9576383357999 30.2613528545999,-89.9395657376 30.2564396229,-89.9355397114999 30.2502927610999,-89.9204930926999 30.2499325787999,-89.9016056809 30.255370971,-89.8927915553999 30.2570024299,-89.8827182690999 30.253739485,-89.8783112062999 30.2493887231,-89.8644604377 30.2510202813,-89.8606829553 30.2412305251999,-89.8550167318 30.2276320237999,-89.8474617671 30.2232801060999,-89.8354997395999 30.2238241063,-89.8266856141 30.2205600596999,-89.8229081317 30.2156637866999,-89.812205265 30.2162078291,-89.7920586925 30.2118554059,-89.7675050570999 30.197708701,-89.7605796728 30.1900904025,-89.7537334760999 30.1785775886,-89.7404331001999 30.180838819,-89.744840163 30.1710420777,-89.7467289041999 30.1634217167,-89.7429514218 30.1579782411,-89.7479880648999 30.1470903883,-89.7599500924 30.1411015569999,-89.7643571552 30.1318453754999,-89.7744304415 30.1242219859999,-89.7876516296999 30.1144196204,-89.7964657552 30.1046162819999,-89.8128348454 30.0959013869))","Lake Pontchartrain"
"Menidia beryllina","eatenBy","Menidia beryllina",30.034687,-90.086702,,"Levine 1980",,1500130,1500030,,,"Literature","Literature",,,,,,,,,,,"POLYGON((-89.8128348454 30.0959013869,-89.8292039356999 30.0959013869,-89.8367589004 30.099714248,-89.8462026062999 30.111151949,-89.8543871514 30.1242219859999,-89.8606829553 30.1362013337,-89.8575350532999 30.1427349107,-89.853757571 30.1509012735,-89.8556463121999 30.1547120114,-89.8619421160999 30.153078856,-89.8688675004 30.1509012735,-89.8789407866999 30.1519900708,-89.8940507160999 30.1313008672,-89.9148268690999 30.1051609374,-89.9381213437 30.0806484716999,-89.9636177999 30.0608418986,-89.9897469359 30.0463208128999,-90.0067456065 30.0397808616999,-90.0143005711999 30.0397808616999,-90.0205963752 30.0430508912,-90.0237442770999 30.0485007005999,-90.0294105006999 30.0512254928999,-90.0319288222 30.0381458063999,-90.0369654654 30.0343305725,-90.0621486810999 30.0337855271,-90.0728515477999 30.0326954274,-90.0779950966999 30.0321662636,-90.0815859710999 30.027891599,-90.0871219022999 30.0273734453,-90.0887677197 30.0286688244999,-90.0911616358999 30.0302232571,-90.0953509892 30.0293165076999,-90.1035800762 30.0277620608,-90.1125572619999 30.0267257494,-90.1147658831 30.0293705592,-90.1206996577 30.0288799837,-90.123000934 30.0228463762999,-90.1294642951999 30.0198599124999,-90.1433645518 30.020158418,-90.162881544 30.020158418,-90.1861760185 30.0250643930999,-90.2157237332999 30.0333177720999,-90.2220957984 30.0344251408,-90.2182278946 30.0448475140999,-90.1792506342 30.0343305725,-90.148401195 30.0299701253999,-90.1326616851 30.0337855271,-90.1269954616 30.0441408770999,-90.1150334340999 30.0435958857,-90.0885910575999 30.0414158899,-90.0734811282 30.0457758334,-90.0596303595 30.0435958857,-90.0520753947999 30.0452308509999,-90.0476683321 30.0534052727,-90.0426316889 30.0626688016999,-90.033187983 30.0675726720999,-90.0193372143999 30.0621239122999,-90.0073751869 30.0561299300999,-89.9941539985999 30.0610341243,-89.9758961672 30.0735659614,-89.9494537907 30.0942672585,-89.9267888966 30.1171425972999,-89.9110493868 30.1334788823999,-89.8990873592999 30.1498124640999,-89.8902732338 30.1628773827,-89.8795703671 30.1661433418,-89.8632012769 30.1645103757999,-89.8499800886 30.1645103757999,-89.8399068023 30.1585226021,-89.8373884808 30.149268055,-89.8443138651 30.1400126395,-89.8430547043 30.127489225,-89.8336109984 30.1149642218,-89.8241672924999 30.1084288069,-89.8071686219 30.1122411847999,-89.7939474335999 30.1269446927,-89.780096665 30.1351123622,-89.7668754766999 30.1509012735,-89.7586909316 30.1623330456,-89.7681346374999 30.1721306526,-89.7750600218 30.1824715145,-89.7845037276999 30.1933554597,-89.7983544963999 30.2015176293,-89.8109461043 30.2053264102,-89.8279447749 30.2058705096999,-89.8386476415 30.2113113395,-89.853757571 30.2123994692999,-89.8676083395999 30.2216480873,-89.8751633043 30.2308958355999,-89.885866171 30.2357913503,-89.8946802964999 30.2417744261,-89.9104198064 30.2374231344,-89.9261593162 30.2368792094,-89.9431579868 30.2374231344,-89.9576383357999 30.2428622189,-89.9721186848999 30.2434061107999,-89.9878581946999 30.2450377685,-90.0004498026 30.2515641281,-90.0067456065 30.2635279946999,-90.0029681240999 30.2771215285,-90.0042272848999 30.2885386419999,-90.0080047672999 30.2972365034,-90.0174484732 30.3053900478,-90.0338175634 30.3091948030999,-90.0501866535999 30.3113688826999,-90.0577416183 30.3184343084,-90.0627782615 30.329846612,-90.0697036458 30.3385408078999,-90.0785177713 30.3445176198,-90.0923685399999 30.3494074671,-90.1093672105999 30.3521239433999,-90.1307729438999 30.3553836154,-90.1515490968999 30.3602729198,-90.1672886066999 30.3657051936,-90.1817689557999 30.3738530384999,-90.1975084655999 30.3733098699,-90.2119888147 30.368964413,-90.2321353872 30.3613593986999,-90.2434678343 30.351037362,-90.254170701 30.3385408078999,-90.2661327284999 30.3238689044999,-90.2730581128 30.3097383275,-90.2831313991 30.2950621103,-90.2925751049999 30.2825584148999,-90.3032779716999 30.2733155288,-90.3127216775999 30.2662468519999,-90.3234245441999 30.2515641281,-90.3328682501 30.2385109754,-90.3454598579999 30.2265440623999,-90.3611993677999 30.2238241063,-90.3737909757 30.2156637866999,-90.3863825834999 30.2080468776999,-90.3939375483 30.2053264102,-90.3996037718 30.1971645564,-90.4065291561 30.1857368243999,-90.4140841207999 30.1748520372999,-90.4166024424 30.1585226021,-90.4172320227999 30.1427349107,-90.4147137012 30.1264001573,-90.4071587364999 30.1089734414,-90.3989741914 30.0975354881999,-90.3907896462999 30.0893647113,-90.3775684579999 30.0811932591999,-90.3624585286 30.0708417839999,-90.3448302775999 30.0653932041,-90.3316090893 30.0664829440999,-90.3202766423 30.068662388,-90.3083146147999 30.068662388,-90.2919455245999 30.0637585716999,-90.2793539167 30.0615790198,-90.2636144069 30.0588545124,-90.2453565754999 30.0566748524999,-90.2359128696 30.0534052727,-90.2183368496 30.0448946716,-90.2221502759 30.0344251408,-90.2291233983 30.0365474323999,-90.2340216558999 30.0396804105,-90.2349500626999 30.0418012979,-90.2351134952999 30.0432160587,-90.2369537124999 30.0438971475999,-90.2385797103 30.0431293998,-90.2406726322 30.0408390387,-90.2422086735 30.0414158899,-90.2560594421999 30.0474107627,-90.2799834971 30.0506805405,-90.2825018186999 30.0485007005999,-90.3057962932 30.0550400760999,-90.3158695795 30.0577646885,-90.3353731385 30.0537340411999,-90.3517556619 30.0550400760999,-90.3700134932999 30.0588545124,-90.3800867796 30.0653932041,-90.3983446109999 30.0752004317999,-90.4128249600999 30.0888199687999,-90.4247869874999 30.1100627012,-90.4310827915 30.1302118416,-90.4329715326 30.1438237981,-90.4317123718 30.1666876578,-90.4260461483 30.1895462156999,-90.4153432816 30.2020617499,-90.4084178972999 30.214575693,-90.4002333522 30.2216480873,-90.3895304855 30.2238241063,-90.3800867796 30.2308958355999,-90.3744205561 30.2330716499999,-90.3645515254 30.2391032564,-90.3561627246999 30.2395988043,-90.3442006971999 30.2521079718,-90.3391640540999 30.255370971,-90.3366457325 30.2618966442,-90.3284611873999 30.2754904037999,-90.3215538615999 30.284695065,-90.3095737756 30.2912568065,-90.2982413284999 30.2999544267999,-90.2919455245999 30.3102818489999,-90.2856497206999 30.3233254583999,-90.2762060147999 30.3347371921999,-90.2680214696 30.3472342318,-90.2516523793999 30.3586431788,-90.2346537087999 30.3711371656,-90.2195437793999 30.3814570810999,-90.2019155283999 30.388517448,-90.1918422420999 30.3890605321,-90.1868055988999 30.3874312708999,-90.1823985361999 30.3825433246,-90.1735844107 30.3830864418,-90.1641407048 30.3803708254999,-90.1584744812 30.3771119863,-90.142105391 30.3754825259999,-90.1345504262999 30.3700507952999,-90.1188109164999 30.3662484042999,-90.0999235047 30.3651619798,-90.0873318967999 30.3619026336,-90.0722219673999 30.3548403443,-90.0659261634999 30.3521239433999,-90.053964136 30.3450609482,-90.0476683321 30.3374540756,-90.0432612693 30.329846612,-90.0413725280999 30.3244123475,-90.033187983 30.3238689044999,-90.0205963752 30.320608183,-90.0080047672999 30.3168038706999,-89.9941539985999 30.3043029476999,-89.9891173554999 30.2956057130999,-89.9865990339 30.2863640560999,-89.9853398731 30.2765778232999,-89.9882088823 30.2656091248999,-89.9784630838999 30.2580426052999,-89.9748494732999 30.2577588495,-89.9708595241 30.2591776663999,-89.9576383357999 30.2613528545999,-89.9395657376 30.2564396229,-89.9355397114999 30.2502927610999,-89.9204930926999 30.2499325787999,-89.9016056809 30.255370971,-89.8927915553999 30.2570024299,-89.8827182690999 30.253739485,-89.8783112062999 30.2493887231,-89.8644604377 30.2510202813,-89.8606829553 30.2412305251999,-89.8550167318 30.2276320237999,-89.8474617671 30.2232801060999,-89.8354997395999 30.2238241063,-89.8266856141 30.2205600596999,-89.8229081317 30.2156637866999,-89.812205265 30.2162078291,-89.7920586925 30.2118554059,-89.7675050570999 30.197708701,-89.7605796728 30.1900904025,-89.7537334760999 30.1785775886,-89.7404331001999 30.180838819,-89.744840163 30.1710420777,-89.7467289041999 30.1634217167,-89.7429514218 30.1579782411,-89.7479880648999 30.1470903883,-89.7599500924 30.1411015569999,-89.7643571552 30.1318453754999,-89.7744304415 30.1242219859999,-89.7876516296999 30.1144196204,-89.7964657552 30.1046162819999,-89.8128348454 30.0959013869))","Lake Pontchartrain"
"Menidia beryllina","eatenBy","Fundulus grandis",30.034687,-90.086702,,"Levine 1980",,1500346,1500274,,,"Literature","Literature",,,,,,,,,,,"POLYGON((-89.8128348454 30.0959013869,-89.8292039356999 30.0959013869,-89.8367589004 30.099714248,-89.8462026062999 30.111151949,-89.8543871514 30.1242219859999,-89.8606829553 30.1362013337,-89.8575350532999 30.1427349107,-89.853757571 30.1509012735,-89.8556463121999 30.1547120114,-89.8619421160999 30.153078856,-89.8688675004 30.1509012735,-89.8789407866999 30.1519900708,-89.8940507160999 30.1313008672,-89.9148268690999 30.1051609374,-89.9381213437 30.0806484716999,-89.9636177999 30.0608418986,-89.9897469359 30.0463208128999,-90.0067456065 30.0397808616999,-90.0143005711999 30.0397808616999,-90.0205963752 30.0430508912,-90.0237442770999 30.0485007005999,-90.0294105006999 30.0512254928999,-90.0319288222 30.0381458063999,-90.0369654654 30.0343305725,-90.0621486810999 30.0337855271,-90.0728515477999 30.0326954274,-90.0779950966999 30.0321662636,-90.0815859710999 30.027891599,-90.0871219022999 30.0273734453,-90.0887677197 30.0286688244999,-90.0911616358999 30.0302232571,-90.0953509892 30.0293165076999,-90.1035800762 30.0277620608,-90.1125572619999 30.0267257494,-90.1147658831 30.0293705592,-90.1206996577 30.0288799837,-90.123000934 30.0228463762999,-90.1294642951999 30.0198599124999,-90.1433645518 30.020158418,-90.162881544 30.020158418,-90.1861760185 30.0250643930999,-90.2157237332999 30.0333177720999,-90.2220957984 30.0344251408,-90.2182278946 30.0448475140999,-90.1792506342 30.0343305725,-90.148401195 30.0299701253999,-90.1326616851 30.0337855271,-90.1269954616 30.0441408770999,-90.1150334340999 30.0435958857,-90.0885910575999 30.0414158899,-90.0734811282 30.0457758334,-90.0596303595 30.0435958857,-90.0520753947999 30.0452308509999,-90.0476683321 30.0534052727,-90.0426316889 30.0626688016999,-90.033187983 30.0675726720999,-90.0193372143999 30.0621239122999,-90.0073751869 30.0561299300999,-89.9941539985999 30.0610341243,-89.9758961672 30.0735659614,-89.9494537907 30.0942672585,-89.9267888966 30.1171425972999,-89.9110493868 30.1334788823999,-89.8990873592999 30.1498124640999,-89.8902732338 30.1628773827,-89.8795703671 30.1661433418,-89.8632012769 30.1645103757999,-89.8499800886 30.1645103757999,-89.8399068023 30.1585226021,-89.8373884808 30.149268055,-89.8443138651 30.1400126395,-89.8430547043 30.127489225,-89.8336109984 30.1149642218,-89.8241672924999 30.1084288069,-89.8071686219 30.1122411847999,-89.7939474335999 30.1269446927,-89.780096665 30.1351123622,-89.7668754766999 30.1509012735,-89.7586909316 30.1623330456,-89.7681346374999 30.1721306526,-89.7750600218 30.1824715145,-89.7845037276999 30.1933554597,-89.7983544963999 30.2015176293,-89.8109461043 30.2053264102,-89.8279447749 30.2058705096999,-89.8386476415 30.2113113395,-89.853757571 30.2123994692999,-89.8676083395999 30.2216480873,-89.8751633043 30.2308958355999,-89.885866171 30.2357913503,-89.8946802964999 30.2417744261,-89.9104198064 30.2374231344,-89.9261593162 30.2368792094,-89.9431579868 30.2374231344,-89.9576383357999 30.2428622189,-89.9721186848999 30.2434061107999,-89.9878581946999 30.2450377685,-90.0004498026 30.2515641281,-90.0067456065 30.2635279946999,-90.0029681240999 30.2771215285,-90.0042272848999 30.2885386419999,-90.0080047672999 30.2972365034,-90.0174484732 30.3053900478,-90.0338175634 30.3091948030999,-90.0501866535999 30.3113688826999,-90.0577416183 30.3184343084,-90.0627782615 30.329846612,-90.0697036458 30.3385408078999,-90.0785177713 30.3445176198,-90.0923685399999 30.3494074671,-90.1093672105999 30.3521239433999,-90.1307729438999 30.3553836154,-90.1515490968999 30.3602729198,-90.1672886066999 30.3657051936,-90.1817689557999 30.3738530384999,-90.1975084655999 30.3733098699,-90.2119888147 30.368964413,-90.2321353872 30.3613593986999,-90.2434678343 30.351037362,-90.254170701 30.3385408078999,-90.2661327284999 30.3238689044999,-90.2730581128 30.3097383275,-90.2831313991 30.2950621103,-90.2925751049999 30.2825584148999,-90.3032779716999 30.2733155288,-90.3127216775999 30.2662468519999,-90.3234245441999 30.2515641281,-90.3328682501 30.2385109754,-90.3454598579999 30.2265440623999,-90.3611993677999 30.2238241063,-90.3737909757 30.2156637866999,-90.3863825834999 30.2080468776999,-90.3939375483 30.2053264102,-90.3996037718 30.1971645564,-90.4065291561 30.1857368243999,-90.4140841207999 30.1748520372999,-90.4166024424 30.1585226021,-90.4172320227999 30.1427349107,-90.4147137012 30.1264001573,-90.4071587364999 30.1089734414,-90.3989741914 30.0975354881999,-90.3907896462999 30.0893647113,-90.3775684579999 30.0811932591999,-90.3624585286 30.0708417839999,-90.3448302775999 30.0653932041,-90.3316090893 30.0664829440999,-90.3202766423 30.068662388,-90.3083146147999 30.068662388,-90.2919455245999 30.0637585716999,-90.2793539167 30.0615790198,-90.2636144069 30.0588545124,-90.2453565754999 30.0566748524999,-90.2359128696 30.0534052727,-90.2183368496 30.0448946716,-90.2221502759 30.0344251408,-90.2291233983 30.0365474323999,-90.2340216558999 30.0396804105,-90.2349500626999 30.0418012979,-90.2351134952999 30.0432160587,-90.2369537124999 30.0438971475999,-90.2385797103 30.0431293998,-90.2406726322 30.0408390387,-90.2422086735 30.0414158899,-90.2560594421999 30.0474107627,-90.2799834971 30.0506805405,-90.2825018186999 30.0485007005999,-90.3057962932 30.0550400760999,-90.3158695795 30.0577646885,-90.3353731385 30.0537340411999,-90.3517556619 30.0550400760999,-90.3700134932999 30.0588545124,-90.3800867796 30.0653932041,-90.3983446109999 30.0752004317999,-90.4128249600999 30.0888199687999,-90.4247869874999 30.1100627012,-90.4310827915 30.1302118416,-90.4329715326 30.1438237981,-90.4317123718 30.1666876578,-90.4260461483 30.1895462156999,-90.4153432816 30.2020617499,-90.4084178972999 30.214575693,-90.4002333522 30.2216480873,-90.3895304855 30.2238241063,-90.3800867796 30.2308958355999,-90.3744205561 30.2330716499999,-90.3645515254 30.2391032564,-90.3561627246999 30.2395988043,-90.3442006971999 30.2521079718,-90.3391640540999 30.255370971,-90.3366457325 30.2618966442,-90.3284611873999 30.2754904037999,-90.3215538615999 30.284695065,-90.3095737756 30.2912568065,-90.2982413284999 30.2999544267999,-90.2919455245999 30.3102818489999,-90.2856497206999 30.3233254583999,-90.2762060147999 30.3347371921999,-90.2680214696 30.3472342318,-90.2516523793999 30.3586431788,-90.2346537087999 30.3711371656,-90.2195437793999 30.3814570810999,-90.2019155283999 30.388517448,-90.1918422420999 30.3890605321,-90.1868055988999 30.3874312708999,-90.1823985361999 30.3825433246,-90.1735844107 30.3830864418,-90.1641407048 30.3803708254999,-90.1584744812 30.3771119863,-90.142105391 30.3754825259999,-90.1345504262999 30.3700507952999,-90.1188109164999 30.3662484042999,-90.0999235047 30.3651619798,-90.0873318967999 30.3619026336,-90.0722219673999 30.3548403443,-90.0659261634999 30.3521239433999,-90.053964136 30.3450609482,-90.0476683321 30.3374540756,-90.0432612693 30.329846612,-90.0413725280999 30.3244123475,-90.033187983 30.3238689044999,-90.0205963752 30.320608183,-90.0080047672999 30.3168038706999,-89.9941539985999 30.3043029476999,-89.9891173554999 30.2956057130999,-89.9865990339 30.2863640560999,-89.9853398731 30.2765778232999,-89.9882088823 30.2656091248999,-89.9784630838999 30.2580426052999,-89.9748494732999 30.2577588495,-89.9708595241 30.2591776663999,-89.9576383357999 30.2613528545999,-89.9395657376 30.2564396229,-89.9355397114999 30.2502927610999,-89.9204930926999 30.2499325787999,-89.9016056809 30.255370971,-89.8927915553999 30.2570024299,-89.8827182690999 30.253739485,-89.8783112062999 30.2493887231,-89.8644604377 30.2510202813,-89.8606829553 30.2412305251999,-89.8550167318 30.2276320237999,-89.8474617671 30.2232801060999,-89.8354997395999 30.2238241063,-89.8266856141 30.2205600596999,-89.8229081317 30.2156637866999,-89.812205265 30.2162078291,-89.7920586925 30.2118554059,-89.7675050570999 30.197708701,-89.7605796728 30.1900904025,-89.7537334760999 30.1785775886,-89.7404331001999 30.180838819,-89.744840163 30.1710420777,-89.7467289041999 30.1634217167,-89.7429514218 30.1579782411,-89.7479880648999 30.1470903883,-89.7599500924 30.1411015569999,-89.7643571552 30.1318453754999,-89.7744304415 30.1242219859999,-89.7876516296999 30.1144196204,-89.7964657552 30.1046162819999,-89.8128348454 30.0959013869))","Lake Pontchartrain"
"Menidia beryllina","eatenBy","Elops saurus",30.034687,-90.086702,,"Levine 1980",,1498950,1498942,,,"Literature","Literature",,,,,,,,,,,"POLYGON((-89.8128348454 30.0959013869,-89.8292039356999 30.0959013869,-89.8367589004 30.099714248,-89.8462026062999 30.111151949,-89.8543871514 30.1242219859999,-89.8606829553 30.1362013337,-89.8575350532999 30.1427349107,-89.853757571 30.1509012735,-89.8556463121999 30.1547120114,-89.8619421160999 30.153078856,-89.8688675004 30.1509012735,-89.8789407866999 30.1519900708,-89.8940507160999 30.1313008672,-89.9148268690999 30.1051609374,-89.9381213437 30.0806484716999,-89.9636177999 30.0608418986,-89.9897469359 30.0463208128999,-90.0067456065 30.0397808616999,-90.0143005711999 30.0397808616999,-90.0205963752 30.0430508912,-90.0237442770999 30.0485007005999,-90.0294105006999 30.0512254928999,-90.0319288222 30.0381458063999,-90.0369654654 30.0343305725,-90.0621486810999 30.0337855271,-90.0728515477999 30.0326954274,-90.0779950966999 30.0321662636,-90.0815859710999 30.027891599,-90.0871219022999 30.0273734453,-90.0887677197 30.0286688244999,-90.0911616358999 30.0302232571,-90.0953509892 30.0293165076999,-90.1035800762 30.0277620608,-90.1125572619999 30.0267257494,-90.1147658831 30.0293705592,-90.1206996577 30.0288799837,-90.123000934 30.0228463762999,-90.1294642951999 30.0198599124999,-90.1433645518 30.020158418,-90.162881544 30.020158418,-90.1861760185 30.0250643930999,-90.2157237332999 30.0333177720999,-90.2220957984 30.0344251408,-90.2182278946 30.0448475140999,-90.1792506342 30.0343305725,-90.148401195 30.0299701253999,-90.1326616851 30.0337855271,-90.1269954616 30.0441408770999,-90.1150334340999 30.0435958857,-90.0885910575999 30.0414158899,-90.0734811282 30.0457758334,-90.0596303595 30.0435958857,-90.0520753947999 30.0452308509999,-90.0476683321 30.0534052727,-90.0426316889 30.0626688016999,-90.033187983 30.0675726720999,-90.0193372143999 30.0621239122999,-90.0073751869 30.0561299300999,-89.9941539985999 30.0610341243,-89.9758961672 30.0735659614,-89.9494537907 30.0942672585,-89.9267888966 30.1171425972999,-89.9110493868 30.1334788823999,-89.8990873592999 30.1498124640999,-89.8902732338 30.1628773827,-89.8795703671 30.1661433418,-89.8632012769 30.1645103757999,-89.8499800886 30.1645103757999,-89.8399068023 30.1585226021,-89.8373884808 30.149268055,-89.8443138651 30.1400126395,-89.8430547043 30.127489225,-89.8336109984 30.1149642218,-89.8241672924999 30.1084288069,-89.8071686219 30.1122411847999,-89.7939474335999 30.1269446927,-89.780096665 30.1351123622,-89.7668754766999 30.1509012735,-89.7586909316 30.1623330456,-89.7681346374999 30.1721306526,-89.7750600218 30.1824715145,-89.7845037276999 30.1933554597,-89.7983544963999 30.2015176293,-89.8109461043 30.2053264102,-89.8279447749 30.2058705096999,-89.8386476415 30.2113113395,-89.853757571 30.2123994692999,-89.8676083395999 30.2216480873,-89.8751633043 30.2308958355999,-89.885866171 30.2357913503,-89.8946802964999 30.2417744261,-89.9104198064 30.2374231344,-89.9261593162 30.2368792094,-89.9431579868 30.2374231344,-89.9576383357999 30.2428622189,-89.9721186848999 30.2434061107999,-89.9878581946999 30.2450377685,-90.0004498026 30.2515641281,-90.0067456065 30.2635279946999,-90.0029681240999 30.2771215285,-90.0042272848999 30.2885386419999,-90.0080047672999 30.2972365034,-90.0174484732 30.3053900478,-90.0338175634 30.3091948030999,-90.0501866535999 30.3113688826999,-90.0577416183 30.3184343084,-90.0627782615 30.329846612,-90.0697036458 30.3385408078999,-90.0785177713 30.3445176198,-90.0923685399999 30.3494074671,-90.1093672105999 30.3521239433999,-90.1307729438999 30.3553836154,-90.1515490968999 30.3602729198,-90.1672886066999 30.3657051936,-90.1817689557999 30.3738530384999,-90.1975084655999 30.3733098699,-90.2119888147 30.368964413,-90.2321353872 30.3613593986999,-90.2434678343 30.351037362,-90.254170701 30.3385408078999,-90.2661327284999 30.3238689044999,-90.2730581128 30.3097383275,-90.2831313991 30.2950621103,-90.2925751049999 30.2825584148999,-90.3032779716999 30.2733155288,-90.3127216775999 30.2662468519999,-90.3234245441999 30.2515641281,-90.3328682501 30.2385109754,-90.3454598579999 30.2265440623999,-90.3611993677999 30.2238241063,-90.3737909757 30.2156637866999,-90.3863825834999 30.2080468776999,-90.3939375483 30.2053264102,-90.3996037718 30.1971645564,-90.4065291561 30.1857368243999,-90.4140841207999 30.1748520372999,-90.4166024424 30.1585226021,-90.4172320227999 30.1427349107,-90.4147137012 30.1264001573,-90.4071587364999 30.1089734414,-90.3989741914 30.0975354881999,-90.3907896462999 30.0893647113,-90.3775684579999 30.0811932591999,-90.3624585286 30.0708417839999,-90.3448302775999 30.0653932041,-90.3316090893 30.0664829440999,-90.3202766423 30.068662388,-90.3083146147999 30.068662388,-90.2919455245999 30.0637585716999,-90.2793539167 30.0615790198,-90.2636144069 30.0588545124,-90.2453565754999 30.0566748524999,-90.2359128696 30.0534052727,-90.2183368496 30.0448946716,-90.2221502759 30.0344251408,-90.2291233983 30.0365474323999,-90.2340216558999 30.0396804105,-90.2349500626999 30.0418012979,-90.2351134952999 30.0432160587,-90.2369537124999 30.0438971475999,-90.2385797103 30.0431293998,-90.2406726322 30.0408390387,-90.2422086735 30.0414158899,-90.2560594421999 30.0474107627,-90.2799834971 30.0506805405,-90.2825018186999 30.0485007005999,-90.3057962932 30.0550400760999,-90.3158695795 30.0577646885,-90.3353731385 30.0537340411999,-90.3517556619 30.0550400760999,-90.3700134932999 30.0588545124,-90.3800867796 30.0653932041,-90.3983446109999 30.0752004317999,-90.4128249600999 30.0888199687999,-90.4247869874999 30.1100627012,-90.4310827915 30.1302118416,-90.4329715326 30.1438237981,-90.4317123718 30.1666876578,-90.4260461483 30.1895462156999,-90.4153432816 30.2020617499,-90.4084178972999 30.214575693,-90.4002333522 30.2216480873,-90.3895304855 30.2238241063,-90.3800867796 30.2308958355999,-90.3744205561 30.2330716499999,-90.3645515254 30.2391032564,-90.3561627246999 30.2395988043,-90.3442006971999 30.2521079718,-90.3391640540999 30.255370971,-90.3366457325 30.2618966442,-90.3284611873999 30.2754904037999,-90.3215538615999 30.284695065,-90.3095737756 30.2912568065,-90.2982413284999 30.2999544267999,-90.2919455245999 30.3102818489999,-90.2856497206999 30.3233254583999,-90.2762060147999 30.3347371921999,-90.2680214696 30.3472342318,-90.2516523793999 30.3586431788,-90.2346537087999 30.3711371656,-90.2195437793999 30.3814570810999,-90.2019155283999 30.388517448,-90.1918422420999 30.3890605321,-90.1868055988999 30.3874312708999,-90.1823985361999 30.3825433246,-90.1735844107 30.3830864418,-90.1641407048 30.3803708254999,-90.1584744812 30.3771119863,-90.142105391 30.3754825259999,-90.1345504262999 30.3700507952999,-90.1188109164999 30.3662484042999,-90.0999235047 30.3651619798,-90.0873318967999 30.3619026336,-90.0722219673999 30.3548403443,-90.0659261634999 30.3521239433999,-90.053964136 30.3450609482,-90.0476683321 30.3374540756,-90.0432612693 30.329846612,-90.0413725280999 30.3244123475,-90.033187983 30.3238689044999,-90.0205963752 30.320608183,-90.0080047672999 30.3168038706999,-89.9941539985999 30.3043029476999,-89.9891173554999 30.2956057130999,-89.9865990339 30.2863640560999,-89.9853398731 30.2765778232999,-89.9882088823 30.2656091248999,-89.9784630838999 30.2580426052999,-89.9748494732999 30.2577588495,-89.9708595241 30.2591776663999,-89.9576383357999 30.2613528545999,-89.9395657376 30.2564396229,-89.9355397114999 30.2502927610999,-89.9204930926999 30.2499325787999,-89.9016056809 30.255370971,-89.8927915553999 30.2570024299,-89.8827182690999 30.253739485,-89.8783112062999 30.2493887231,-89.8644604377 30.2510202813,-89.8606829553 30.2412305251999,-89.8550167318 30.2276320237999,-89.8474617671 30.2232801060999,-89.8354997395999 30.2238241063,-89.8266856141 30.2205600596999,-89.8229081317 30.2156637866999,-89.812205265 30.2162078291,-89.7920586925 30.2118554059,-89.7675050570999 30.197708701,-89.7605796728 30.1900904025,-89.7537334760999 30.1785775886,-89.7404331001999 30.180838819,-89.744840163 30.1710420777,-89.7467289041999 30.1634217167,-89.7429514218 30.1579782411,-89.7479880648999 30.1470903883,-89.7599500924 30.1411015569999,-89.7643571552 30.1318453754999,-89.7744304415 30.1242219859999,-89.7876516296999 30.1144196204,-89.7964657552 30.1046162819999,-89.8128348454 30.0959013869))","Lake Pontchartrain"
"Menidia beryllina","eatenBy","Menidia beryllina",30.184534,-90.13248,,"Levine 1980",,1498489,1498389,,,"Literature","Literature",,,,,,,,,,,"POLYGON((-90.3737909757 30.2156637866999,-90.3611993677999 30.2238241063,-90.3454598579999 30.2265440623999,-90.3328682501 30.2385109754,-90.3234245441999 30.2515641281,-90.3127216775999 30.2662468519999,-90.3032779716999 30.2733155288,-90.2925751049999 30.2825584148999,-90.2831313991 30.2950621103,-90.2730581128 30.3097383275,-90.2661327284999 30.3238689044999,-90.254170701 30.3385408078999,-90.2434678343 30.351037362,-90.2321353872 30.3613593986999,-90.2119888147 30.368964413,-90.1975084655999 30.3733098699,-90.1817689557999 30.3738530384999,-90.1672886066999 30.3657051936,-90.1515490968999 30.3602729198,-90.1307729438999 30.3553836154,-90.1093672105999 30.3521239433999,-90.0923685399999 30.3494074671,-90.0785177713 30.3445176198,-90.0697036458 30.3385408078999,-90.0627782615 30.329846612,-90.0577416183 30.3184343084,-90.0501866535999 30.3113688826999,-90.0338175634 30.3091948030999,-90.0174484732 30.3053900478,-90.0080047672999 30.2972365034,-90.0042272848999 30.2885386419999,-90.0029681240999 30.2771215285,-90.0067456065 30.2635279946999,-90.0004498026 30.2515641281,-89.9878581946999 30.2450377685,-89.9721186848999 30.2434061107999,-89.9576383357999 30.2428622189,-89.9431579868 30.2374231344,-89.9261593162 30.2368792094,-89.9104198064 30.2374231344,-89.8946802964999 30.2417744261,-89.885866171 30.2357913503,-89.8751633043 30.2308958355999,-89.8676083395999 30.2216480873,-89.853757571 30.2123994692999,-89.8386476415 30.2113113395,-89.8279447749 30.2058705096999,-89.8109461043 30.2053264102,-89.7983544963999 30.2015176293,-89.7845037276999 30.1933554597,-89.7750600218 30.1824715145,-89.7681346374999 30.1721306526,-89.7586909316 30.1623330456,-89.7668754766999 30.1509012735,-89.780096665 30.1351123622,-89.7939474335999 30.1269446927,-89.8071686219 30.1122411847999,-89.8241672924999 30.1084288069,-89.8336109984 30.1149642218,-89.8430547043 30.127489225,-89.8443138651 30.1400126395,-89.8373884808 30.149268055,-89.8399068023 30.1585226021,-89.8499800886 30.1645103757999,-89.8632012769 30.1645103757999,-89.8795703671 30.1661433418,-89.8902732338 30.1628773827,-89.8990873592999 30.1498124640999,-89.9110493868 30.1334788823999,-89.9267888966 30.1171425972999,-89.9494537907 30.0942672585,-89.9758961672 30.0735659614,-89.9941539985999 30.0610341243,-90.0073751869 30.0561299300999,-90.0193372143999 30.0621239122999,-90.033187983 30.0675726720999,-90.0426316889 30.0626688016999,-90.0476683321 30.0534052727,-90.0520753947999 30.0452308509999,-90.0596303595 30.0435958857,-90.0734811282 30.0457758334,-90.0885910575999 30.0414158899,-90.1150334340999 30.0435958857,-90.1269954616 30.0441408770999,-90.1326616851 30.0337855271,-90.148401195 30.0299701253999,-90.1792506342 30.0343305725,-90.2183368496 30.0448946716,-90.2359128696 30.0534052727,-90.2453565754999 30.0566748524999,-90.2636144069 30.0588545124,-90.2793539167 30.0615790198,-90.2919455245999 30.0637585716999,-90.3083146147999 30.068662388,-90.3202766423 30.068662388,-90.3316090893 30.0664829440999,-90.3448302775999 30.0653932041,-90.3624585286 30.0708417839999,-90.3775684579999 30.0811932591999,-90.3907896462999 30.0893647113,-90.3989741914 30.0975354881999,-90.4071587364999 30.1089734414,-90.4147137012 30.1264001573,-90.4172320227999 30.1427349107,-90.4166024424 30.1585226021,-90.4140841207999 30.1748520372999,-90.4065291561 30.1857368243999,-90.3939375483 30.2053264102,-90.3863825834999 30.2080468776999,-90.3737909757 30.2156637866999))","Lake Pontchartrain"
"Menidia beryllina","eatenBy","Fundulus grandis",30.184534,-90.13248,,"Levine 1980",,1498705,1498633,,,"Literature","Literature",,,,,,,,,,,"POLYGON((-90.3737909757 30.2156637866999,-90.3611993677999 30.2238241063,-90.3454598579999 30.2265440623999,-90.3328682501 30.2385109754,-90.3234245441999 30.2515641281,-90.3127216775999 30.2662468519999,-90.3032779716999 30.2733155288,-90.2925751049999 30.2825584148999,-90.2831313991 30.2950621103,-90.2730581128 30.3097383275,-90.2661327284999 30.3238689044999,-90.254170701 30.3385408078999,-90.2434678343 30.351037362,-90.2321353872 30.3613593986999,-90.2119888147 30.368964413,-90.1975084655999 30.3733098699,-90.1817689557999 30.3738530384999,-90.1672886066999 30.3657051936,-90.1515490968999 30.3602729198,-90.1307729438999 30.3553836154,-90.1093672105999 30.3521239433999,-90.0923685399999 30.3494074671,-90.0785177713 30.3445176198,-90.0697036458 30.3385408078999,-90.0627782615 30.329846612,-90.0577416183 30.3184343084,-90.0501866535999 30.3113688826999,-90.0338175634 30.3091948030999,-90.0174484732 30.3053900478,-90.0080047672999 30.2972365034,-90.0042272848999 30.2885386419999,-90.0029681240999 30.2771215285,-90.0067456065 30.2635279946999,-90.0004498026 30.2515641281,-89.9878581946999 30.2450377685,-89.9721186848999 30.2434061107999,-89.9576383357999 30.2428622189,-89.9431579868 30.2374231344,-89.9261593162 30.2368792094,-89.9104198064 30.2374231344,-89.8946802964999 30.2417744261,-89.885866171 30.2357913503,-89.8751633043 30.2308958355999,-89.8676083395999 30.2216480873,-89.853757571 30.2123994692999,-89.8386476415 30.2113113395,-89.8279447749 30.2058705096999,-89.8109461043 30.2053264102,-89.7983544963999 30.2015176293,-89.7845037276999 30.1933554597,-89.7750600218 30.1824715145,-89.7681346374999 30.1721306526,-89.7586909316 30.1623330456,-89.7668754766999 30.1509012735,-89.780096665 30.1351123622,-89.7939474335999 30.1269446927,-89.8071686219 30.1122411847999,-89.8241672924999 30.1084288069,-89.8336109984 30.1149642218,-89.8430547043 30.127489225,-89.8443138651 30.1400126395,-89.8373884808 30.149268055,-89.8399068023 30.1585226021,-89.8499800886 30.1645103757999,-89.8632012769 30.1645103757999,-89.8795703671 30.1661433418,-89.8902732338 30.1628773827,-89.8990873592999 30.1498124640999,-89.9110493868 30.1334788823999,-89.9267888966 30.1171425972999,-89.9494537907 30.0942672585,-89.9758961672 30.0735659614,-89.9941539985999 30.0610341243,-90.0073751869 30.0561299300999,-90.0193372143999 30.0621239122999,-90.033187983 30.0675726720999,-90.0426316889 30.0626688016999,-90.0476683321 30.0534052727,-90.0520753947999 30.0452308509999,-90.0596303595 30.0435958857,-90.0734811282 30.0457758334,-90.0885910575999 30.0414158899,-90.1150334340999 30.0435958857,-90.1269954616 30.0441408770999,-90.1326616851 30.0337855271,-90.148401195 30.0299701253999,-90.1792506342 30.0343305725,-90.2183368496 30.0448946716,-90.2359128696 30.0534052727,-90.2453565754999 30.0566748524999,-90.2636144069 30.0588545124,-90.2793539167 30.0615790198,-90.2919455245999 30.0637585716999,-90.3083146147999 30.068662388,-90.3202766423 30.068662388,-90.3316090893 30.0664829440999,-90.3448302775999 30.0653932041,-90.3624585286 30.0708417839999,-90.3775684579999 30.0811932591999,-90.3907896462999 30.0893647113,-90.3989741914 30.0975354881999,-90.4071587364999 30.1089734414,-90.4147137012 30.1264001573,-90.4172320227999 30.1427349107,-90.4166024424 30.1585226021,-90.4140841207999 30.1748520372999,-90.4065291561 30.1857368243999,-90.3939375483 30.2053264102,-90.3863825834999 30.2080468776999,-90.3737909757 30.2156637866999))","Lake Pontchartrain"
"Menidia beryllina","eatenBy","Micropterus salmoides",30.184534,-90.13248,,"Levine 1980",,1498789,1498735,,,"Literature","Literature",,,,,,,,,,,"POLYGON((-90.3737909757 30.2156637866999,-90.3611993677999 30.2238241063,-90.3454598579999 30.2265440623999,-90.3328682501 30.2385109754,-90.3234245441999 30.2515641281,-90.3127216775999 30.2662468519999,-90.3032779716999 30.2733155288,-90.2925751049999 30.2825584148999,-90.2831313991 30.2950621103,-90.2730581128 30.3097383275,-90.2661327284999 30.3238689044999,-90.254170701 30.3385408078999,-90.2434678343 30.351037362,-90.2321353872 30.3613593986999,-90.2119888147 30.368964413,-90.1975084655999 30.3733098699,-90.1817689557999 30.3738530384999,-90.1672886066999 30.3657051936,-90.1515490968999 30.3602729198,-90.1307729438999 30.3553836154,-90.1093672105999 30.3521239433999,-90.0923685399999 30.3494074671,-90.0785177713 30.3445176198,-90.0697036458 30.3385408078999,-90.0627782615 30.329846612,-90.0577416183 30.3184343084,-90.0501866535999 30.3113688826999,-90.0338175634 30.3091948030999,-90.0174484732 30.3053900478,-90.0080047672999 30.2972365034,-90.0042272848999 30.2885386419999,-90.0029681240999 30.2771215285,-90.0067456065 30.2635279946999,-90.0004498026 30.2515641281,-89.9878581946999 30.2450377685,-89.9721186848999 30.2434061107999,-89.9576383357999 30.2428622189,-89.9431579868 30.2374231344,-89.9261593162 30.2368792094,-89.9104198064 30.2374231344,-89.8946802964999 30.2417744261,-89.885866171 30.2357913503,-89.8751633043 30.2308958355999,-89.8676083395999 30.2216480873,-89.853757571 30.2123994692999,-89.8386476415 30.2113113395,-89.8279447749 30.2058705096999,-89.8109461043 30.2053264102,-89.7983544963999 30.2015176293,-89.7845037276999 30.1933554597,-89.7750600218 30.1824715145,-89.7681346374999 30.1721306526,-89.7586909316 30.1623330456,-89.7668754766999 30.1509012735,-89.780096665 30.1351123622,-89.7939474335999 30.1269446927,-89.8071686219 30.1122411847999,-89.8241672924999 30.1084288069,-89.8336109984 30.1149642218,-89.8430547043 30.127489225,-89.8443138651 30.1400126395,-89.8373884808 30.149268055,-89.8399068023 30.1585226021,-89.8499800886 30.1645103757999,-89.8632012769 30.1645103757999,-89.8795703671 30.1661433418,-89.8902732338 30.1628773827,-89.8990873592999 30.1498124640999,-89.9110493868 30.1334788823999,-89.9267888966 30.1171425972999,-89.9494537907 30.0942672585,-89.9758961672 30.0735659614,-89.9941539985999 30.0610341243,-90.0073751869 30.0561299300999,-90.0193372143999 30.0621239122999,-90.033187983 30.0675726720999,-90.0426316889 30.0626688016999,-90.0476683321 30.0534052727,-90.0520753947999 30.0452308509999,-90.0596303595 30.0435958857,-90.0734811282 30.0457758334,-90.0885910575999 30.0414158899,-90.1150334340999 30.0435958857,-90.1269954616 30.0441408770999,-90.1326616851 30.0337855271,-90.148401195 30.0299701253999,-90.1792506342 30.0343305725,-90.2183368496 30.0448946716,-90.2359128696 30.0534052727,-90.2453565754999 30.0566748524999,-90.2636144069 30.0588545124,-90.2793539167 30.0615790198,-90.2919455245999 30.0637585716999,-90.3083146147999 30.068662388,-90.3202766423 30.068662388,-90.3316090893 30.0664829440999,-90.3448302775999 30.0653932041,-90.3624585286 30.0708417839999,-90.3775684579999 30.0811932591999,-90.3907896462999 30.0893647113,-90.3989741914 30.0975354881999,-90.4071587364999 30.1089734414,-90.4147137012 30.1264001573,-90.4172320227999 30.1427349107,-90.4166024424 30.1585226021,-90.4140841207999 30.1748520372999,-90.4065291561 30.1857368243999,-90.3939375483 30.2053264102,-90.3863825834999 30.2080468776999,-90.3737909757 30.2156637866999))","Lake Pontchartrain"
"Menidia beryllina","eatenBy","Elops saurus",30.018689,-90.078594,,"Levine 1980",,1505514,1505506,,,"Literature","Literature",,,,,,,,,,,"POLYGON((-90.0871219022999 30.0273734453,-90.0815859710999 30.027891599,-90.0779950966999 30.0321662636,-90.0728515477999 30.0326954274,-90.0621486810999 30.0337855271,-90.0531582278999 30.0339801097,-90.0518116381999 30.0319071981999,-90.0522604975 30.0267257494,-90.0555521322999 30.0210258428999,-90.0613873031 30.0141596112999,-90.0682698122 30.0100137318999,-90.0731412681 30.0076080850999,-90.0781447165 30.0058676792,-90.0833487288 30.0065149294,-90.0895158185 30.007552034,-90.0984930042999 30.0119571345,-90.103729696 30.0173984589999,-90.1053755134 30.0221917595,-90.1035800762 30.0277620608,-90.0992461076999 30.0285807359,-90.0953509892 30.0293165076999,-90.0911616358999 30.0302232571,-90.0887677197 30.0286688244999,-90.0871219022999 30.0273734453))","Marsh Area near Lake Pontchartrain"
"Menidia beryllina","eatenBy","Micropterus salmoides",30.07233,-89.80979,,"Levine 1980",,1505353,1505299,,,"Literature","Literature",,,,,,,,,,,"POLYGON((-89.8257605709 30.0858063477999,-89.8113970736999 30.0908496214999,-89.7991152426999 30.0908496214999,-89.7874579116 30.0879677823,-89.7814210795 30.0820237237999,-89.7797557463999 30.0735573268,-89.7830864124999 30.067071937,-89.8018214088999 30.0562620094999,-89.8130624066999 30.051397157,-89.8224299049 30.051577341,-89.8322137364 30.0584240893999,-89.8372097353999 30.0679727109999,-89.8384587352 30.0771601375,-89.834087236 30.0818435951999,-89.8257605709 30.0858063477999))","Marsh Area near Lake Pontchartrain"
"Menidia beryllina","eatenBy","Fundulus grandis",30.07233,-89.80979,,"Levine 1980",,1505269,1505197,,,"Literature","Literature",,,,,,,,,,,"POLYGON((-89.8257605709 30.0858063477999,-89.8113970736999 30.0908496214999,-89.7991152426999 30.0908496214999,-89.7874579116 30.0879677823,-89.7814210795 30.0820237237999,-89.7797557463999 30.0735573268,-89.7830864124999 30.067071937,-89.8018214088999 30.0562620094999,-89.8130624066999 30.051397157,-89.8224299049 30.051577341,-89.8322137364 30.0584240893999,-89.8372097353999 30.0679727109999,-89.8384587352 30.0771601375,-89.834087236 30.0818435951999,-89.8257605709 30.0858063477999))","Marsh Area near Lake Pontchartrain"
"Menidia beryllina","eatenBy","Menidia beryllina",30.07233,-89.80979,,"Levine 1980",,1505053,1504953,,,"Literature","Literature",,,,,,,,,,,"POLYGON((-89.8257605709 30.0858063477999,-89.8113970736999 30.0908496214999,-89.7991152426999 30.0908496214999,-89.7874579116 30.0879677823,-89.7814210795 30.0820237237999,-89.7797557463999 30.0735573268,-89.7830864124999 30.067071937,-89.8018214088999 30.0562620094999,-89.8130624066999 30.051397157,-89.8224299049 30.051577341,-89.8322137364 30.0584240893999,-89.8372097353999 30.0679727109999,-89.8384587352 30.0771601375,-89.834087236 30.0818435951999,-89.8257605709 30.0858063477999))","Marsh Area near Lake Pontchartrain"
"Menidia beryllina","eatenBy","Elops saurus",30.07233,-89.80979,,"Levine 1980",,1503873,1503865,,,"Literature","Literature",,,,,,,,,,,"POLYGON((-89.8257605709 30.0858063477999,-89.8113970736999 30.0908496214999,-89.7991152426999 30.0908496214999,-89.7874579116 30.0879677823,-89.7814210795 30.0820237237999,-89.7797557463999 30.0735573268,-89.7830864124999 30.067071937,-89.8018214088999 30.0562620094999,-89.8130624066999 30.051397157,-89.8224299049 30.051577341,-89.8322137364 30.0584240893999,-89.8372097353999 30.0679727109999,-89.8384587352 30.0771601375,-89.834087236 30.0818435951999,-89.8257605709 30.0858063477999))","Marsh Area near Lake Pontchartrain"
"Menidia beryllina","eatenBy","Micropterus salmoides",30.279433,-89.963503,,"Levine 1980",,1503712,1503658,,,"Literature","Literature",,,,,,,,,,,"POLYGON((-89.9661987085 30.2661042665,-89.9750749213999 30.2642238277999,-89.9801829306999 30.264296153,-89.9829462799999 30.2653810251,-89.9842023477999 30.2669721492,-89.9842120099 30.2693921661,-89.9825694596 30.2729859202,-89.9812554194 30.2769578111,-89.9792843591 30.2815914805999,-89.9768752852999 30.2861303733999,-89.9732616746999 30.2893452954,-89.9681150172 30.2919927989999,-89.9620923327999 30.2936001771,-89.9557411384 30.2937892787,-89.9492804406 30.2929383186999,-89.9444268655 30.2893174851,-89.9419147298 30.2867144068,-89.941830992 30.2833881508,-89.9440240832999 30.2796784417,-89.9484462827 30.2741318883999,-89.9567363305999 30.2697927148,-89.9661987085 30.2661042665))","Marsh Area near Lake Pontchartrain"
"Menidia beryllina","eatenBy","Fundulus grandis",30.279433,-89.963503,,"Levine 1980",,1503628,1503556,,,"Literature","Literature",,,,,,,,,,,"POLYGON((-89.9661987085 30.2661042665,-89.9750749213999 30.2642238277999,-89.9801829306999 30.264296153,-89.9829462799999 30.2653810251,-89.9842023477999 30.2669721492,-89.9842120099 30.2693921661,-89.9825694596 30.2729859202,-89.9812554194 30.2769578111,-89.9792843591 30.2815914805999,-89.9768752852999 30.2861303733999,-89.9732616746999 30.2893452954,-89.9681150172 30.2919927989999,-89.9620923327999 30.2936001771,-89.9557411384 30.2937892787,-89.9492804406 30.2929383186999,-89.9444268655 30.2893174851,-89.9419147298 30.2867144068,-89.941830992 30.2833881508,-89.9440240832999 30.2796784417,-89.9484462827 30.2741318883999,-89.9567363305999 30.2697927148,-89.9661987085 30.2661042665))","Marsh Area near Lake Pontchartrain"
"Menidia beryllina","eatenBy","Menidia beryllina",30.279433,-89.963503,,"Levine 1980",,1503412,1503312,,,"Literature","Literature",,,,,,,,,,,"POLYGON((-89.9661987085 30.2661042665,-89.9750749213999 30.2642238277999,-89.9801829306999 30.264296153,-89.9829462799999 30.2653810251,-89.9842023477999 30.2669721492,-89.9842120099 30.2693921661,-89.9825694596 30.2729859202,-89.9812554194 30.2769578111,-89.9792843591 30.2815914805999,-89.9768752852999 30.2861303733999,-89.9732616746999 30.2893452954,-89.9681150172 30.2919927989999,-89.9620923327999 30.2936001771,-89.9557411384 30.2937892787,-89.9492804406 30.2929383186999,-89.9444268655 30.2893174851,-89.9419147298 30.2867144068,-89.941830992 30.2833881508,-89.9440240832999 30.2796784417,-89.9484462827 30.2741318883999,-89.9567363305999 30.2697927148,-89.9661987085 30.2661042665))","Marsh Area near Lake Pontchartrain"
"Menidia beryllina","eatenBy","Elops saurus",30.279433,-89.963503,,"Levine 1980",,1502232,1502224,,,"Literature","Literature",,,,,,,,,,,"POLYGON((-89.9661987085 30.2661042665,-89.9750749213999 30.2642238277999,-89.9801829306999 30.264296153,-89.9829462799999 30.2653810251,-89.9842023477999 30.2669721492,-89.9842120099 30.2693921661,-89.9825694596 30.2729859202,-89.9812554194 30.2769578111,-89.9792843591 30.2815914805999,-89.9768752852999 30.2861303733999,-89.9732616746999 30.2893452954,-89.9681150172 30.2919927989999,-89.9620923327999 30.2936001771,-89.9557411384 30.2937892787,-89.9492804406 30.2929383186999,-89.9444268655 30.2893174851,-89.9419147298 30.2867144068,-89.941830992 30.2833881508,-89.9440240832999 30.2796784417,-89.9484462827 30.2741318883999,-89.9567363305999 30.2697927148,-89.9661987085 30.2661042665))","Marsh Area near Lake Pontchartrain"
"Menidia beryllina","eatenBy","Fundulus grandis",30.02414,-90.325499,,"Levine 1980",,1508551,1508479,,,"Literature","Literature",,,,,,,,,,,"POLYGON((-90.2931178121999 30.0106660757,-90.3016320253999 30.0035880002999,-90.3082731116 29.9969518459,-90.3181495988 29.9909051857,-90.3244501166 29.9888403881,-90.33058035 29.9886929008999,-90.3385837104 29.9898727922,-90.3484601976 29.9976892183,-90.3554418524 30.0060948763999,-90.3608909488 30.0142049241,-90.3646372025 30.021282242,-90.3668508978999 30.0320446946,-90.3668508978999 30.0380888474,-90.3641263497 30.0439852264999,-90.3595286747 30.0487020771,-90.3542498624999 30.0515026009,-90.3462465022 30.0523869604,-90.3402865529999 30.0525343529,-90.3360294464 30.0520921747999,-90.3281963703 30.0520921747999,-90.3200227256999 30.0528291372,-90.3144033451 30.0517973882999,-90.3067405533 30.0488494750999,-90.3011211726 30.0454592665,-90.2958423604 30.0436904158999,-90.2892012741999 30.0436904158999,-90.2793247869999 30.0413318993,-90.2766002388 30.0345508515,-90.2794950712 30.0288013388,-90.2852847361999 30.0206924848,-90.289712127 30.0146472712,-90.2931178121999 30.0106660757))","Marsh Area near Lake Pontchartrain"
"Menidia beryllina","eatenBy","Micropterus salmoides",30.02414,-90.325499,,"Levine 1980",,1508635,1508581,,,"Literature","Literature",,,,,,,,,,,"POLYGON((-90.2931178121999 30.0106660757,-90.3016320253999 30.0035880002999,-90.3082731116 29.9969518459,-90.3181495988 29.9909051857,-90.3244501166 29.9888403881,-90.33058035 29.9886929008999,-90.3385837104 29.9898727922,-90.3484601976 29.9976892183,-90.3554418524 30.0060948763999,-90.3608909488 30.0142049241,-90.3646372025 30.021282242,-90.3668508978999 30.0320446946,-90.3668508978999 30.0380888474,-90.3641263497 30.0439852264999,-90.3595286747 30.0487020771,-90.3542498624999 30.0515026009,-90.3462465022 30.0523869604,-90.3402865529999 30.0525343529,-90.3360294464 30.0520921747999,-90.3281963703 30.0520921747999,-90.3200227256999 30.0528291372,-90.3144033451 30.0517973882999,-90.3067405533 30.0488494750999,-90.3011211726 30.0454592665,-90.2958423604 30.0436904158999,-90.2892012741999 30.0436904158999,-90.2793247869999 30.0413318993,-90.2766002388 30.0345508515,-90.2794950712 30.0288013388,-90.2852847361999 30.0206924848,-90.289712127 30.0146472712,-90.2931178121999 30.0106660757))","Marsh Area near Lake Pontchartrain"
"Menidia beryllina","eatenBy","Menidia beryllina",30.02414,-90.325499,,"Levine 1980",,1508335,1508235,,,"Literature","Literature",,,,,,,,,,,"POLYGON((-90.2931178121999 30.0106660757,-90.3016320253999 30.0035880002999,-90.3082731116 29.9969518459,-90.3181495988 29.9909051857,-90.3244501166 29.9888403881,-90.33058035 29.9886929008999,-90.3385837104 29.9898727922,-90.3484601976 29.9976892183,-90.3554418524 30.0060948763999,-90.3608909488 30.0142049241,-90.3646372025 30.021282242,-90.3668508978999 30.0320446946,-90.3668508978999 30.0380888474,-90.3641263497 30.0439852264999,-90.3595286747 30.0487020771,-90.3542498624999 30.0515026009,-90.3462465022 30.0523869604,-90.3402865529999 30.0525343529,-90.3360294464 30.0520921747999,-90.3281963703 30.0520921747999,-90.3200227256999 30.0528291372,-90.3144033451 30.0517973882999,-90.3067405533 30.0488494750999,-90.3011211726 30.0454592665,-90.2958423604 30.0436904158999,-90.2892012741999 30.0436904158999,-90.2793247869999 30.0413318993,-90.2766002388 30.0345508515,-90.2794950712 30.0288013388,-90.2852847361999 30.0206924848,-90.289712127 30.0146472712,-90.2931178121999 30.0106660757))","Marsh Area near Lake Pontchartrain"
"Menidia beryllina","eatenBy","Ictalurus furcatus",30.183817,-90.126359,,"Darnell 1958",-520794000000,1614230,1614198,,,"Literature","Literature",,,,,,,,,,,"POLYGON((-90.2281350159999 30.3725454424,-90.2162922264 30.3801586643,-90.2129085722 30.3826964048999,-90.2002198690999 30.3860800590999,-90.1892229931 30.3835423185,-90.1833015983 30.3801586643,-90.1756883764 30.3801586643,-90.1646915002999 30.3767750101,-90.1494650565999 30.3716995288999,-90.1393140941 30.3700077017999,-90.1291631315999 30.3666240475999,-90.0995561576 30.3615485664,-90.0851756274 30.3564730850999,-90.0682573564999 30.3497057768,-90.0530309127999 30.3420925548999,-90.0454176908999 30.3327875059,-90.0369585554 30.3226365434,-90.0251157658999 30.3200988028,-90.0149648033 30.3175610621999,-90.0056597544 30.3124855808999,-89.9929710513 30.3040264455,-89.9853578294 30.2921836559,-89.9862037429 30.2761112986,-89.9895873970999 30.264268509,-89.9853578294 30.2625766819,-89.9828200886999 30.2575012006999,-89.9642099908 30.2600389412999,-89.9557508553999 30.2583471141999,-89.9430621523 30.2549634599999,-89.9329111896999 30.2481961517,-89.9244520543 30.2498879788,-89.9016123887 30.2532716328999,-89.8923073396999 30.2575012006999,-89.8804645501 30.2498879788,-89.8660840199 30.2490420652,-89.8618544522 30.2414288434,-89.8483198355 30.2228187454,-89.8280179104999 30.2211269183,-89.8220965156999 30.2160514370999,-89.8144832937999 30.2177432641999,-89.8001027635999 30.2160514370999,-89.777263098 30.2016709068999,-89.7578070864999 30.1915199444,-89.7468102104 30.1686802786999,-89.7451183833999 30.1475324401999,-89.7603448270999 30.1314600828999,-89.7823385792 30.1170795526,-89.7899518011 30.1094663308,-89.8034864178 30.1026990224,-89.8187128615 30.1035449359999,-89.8356311323999 30.1043908495,-89.8423984406999 30.1086204172,-89.8491657490999 30.1170795526,-89.8550871438999 30.1339978235,-89.8567789708999 30.1449946995,-89.8533953168 30.1542997485,-89.8643921927999 30.1526079214,-89.8711595011999 30.1466865266,-89.8779268094999 30.1466865266,-89.8838482042999 30.1441487859999,-89.9007664750999 30.1263846016,-89.9143010917999 30.1069285901,-89.9295275356 30.0874725787,-89.9489835470999 30.0722461348999,-89.9709772992 30.0587115181999,-89.9929710513 30.0460228150999,-90.0141188898 30.0417932474,-90.0225780252 30.0451769015,-90.0242698522999 30.0519442099,-90.0301912471 30.0527901234,-90.0318830741999 30.0409473337999,-90.0361126419 30.0341800255,-90.0403422095999 30.0367177661,-90.0555686534 30.035025939,-90.0724869242 30.0324881983999,-90.0792542325999 30.0316422848999,-90.0851756274 30.0274127172,-90.0902511086 30.0307963712999,-90.1071693794999 30.0282586307,-90.1181662555 30.0282586307,-90.1240876502999 30.0206454088,-90.1469273159 30.0206454088,-90.1765342899 30.024029063,-90.2095249181 30.0316422848999,-90.2298268431 30.0409473337999,-90.2425155461999 30.0417932474,-90.2509746815999 30.0468687286,-90.268738866 30.0502523828,-90.2881948775 30.0527901234,-90.3042672347999 30.0544819505,-90.3245691598 30.0527901234,-90.3448710848 30.053636037,-90.3660189234 30.0553278639999,-90.3820912806999 30.0620951723999,-90.3998554651 30.0730920483999,-90.4142359953 30.0874725787,-90.427770612 30.1094663308,-90.4311542660999 30.1280764286999,-90.4320001796999 30.1483783537,-90.4260787849 30.1788312412,-90.4167737358999 30.2008249932999,-90.4032391192999 30.2168973506,-90.3854749349 30.2253564859999,-90.3736321452999 30.2304319672999,-90.3634811828 30.2380451892,-90.3558679609 30.2405829297999,-90.3457169983999 30.2498879788,-90.3397956035999 30.2558093735999,-90.3304905546 30.2718817308999,-90.3194936785999 30.2845704339999,-90.3068049753999 30.2921836559,-90.2991917535999 30.3023346184,-90.2788898284999 30.3294038517,-90.2678929525 30.3420925548999,-90.2484369409999 30.3615485664,-90.2281350159999 30.3725454424))","Lake Pontchartrain"
"Menidia beryllina","eatenBy","Paralichthys lethostigma",28.541191,-96.327271,,"Day 1960",-315594000000,1496320,1496304,,,"Literature","Literature",,,,,,,,,,,"POLYGON((-96.380358955 28.6205477325,-96.3611925067999 28.6269080305999,-96.3553490774999 28.6291648179,-96.3490381737999 28.632447331,-96.3348133532 28.6386581563,-96.3275343539 28.6410634395,-96.3186523412999 28.6427045227999,-96.3158474953 28.6437301867999,-96.3079004314 28.6451660996,-96.3039268994999 28.6457814848,-96.3034594251 28.6476276186,-96.3056354312 28.6508361954999,-96.306030534 28.6574731171,-96.3057967967999 28.6648566342,-96.3053293225 28.6687532806999,-96.3022907392 28.6734700801,-96.2973822585999 28.6771613401,-96.2903701433999 28.6816727036,-96.2845267140999 28.6853636746,-96.2786832847999 28.6867990171,-96.2747097528 28.6870040644,-96.2712036953 28.6888494722,-96.2679313748 28.6904898073999,-96.2648927916 28.6923351537999,-96.2630228942 28.6935653666,-96.2641915801 28.6943855005,-96.2674639005 28.6960257488999,-96.2683988491999 28.6974609452,-96.2672301632999 28.699921236,-96.2648927916 28.7021764517,-96.2606855224999 28.7052516675,-96.2609192596 28.711401828,-96.2602180481 28.7155017340999,-96.2620879454999 28.7169366633,-96.2644253171999 28.7148867583999,-96.2676976376999 28.7161167062,-96.2683988491999 28.7189865279999,-96.2672301632999 28.7208313717999,-96.2658277402999 28.7196014795,-96.2658277402999 28.7169366633,-96.2639578428999 28.7171416515999,-96.2611529968 28.7189865279999,-96.2595168366 28.7200114452,-96.2569457277 28.7196014795,-96.2557770418 28.7175516269,-96.2567119904999 28.7132468056,-96.2574132019999 28.7111968285,-96.2562445161999 28.7095568177999,-96.2550758303 28.7087368028,-96.2567119904999 28.7064817284999,-96.2553095675 28.704021592,-96.2553095675 28.7021764517,-96.2571794649 28.7005362996,-96.2611529968 28.7003312788,-96.262789157 28.6993061687,-96.2602180481 28.6976659717,-96.2595168366 28.6958207192999,-96.2588156250999 28.6890545155,-96.2606855224999 28.6845434700999,-96.2651265287999 28.6800322303,-96.2756447014999 28.6761360032,-96.280319445 28.6747005146,-96.2828905539 28.6718294783,-96.2770471246 28.6732650062999,-96.2676976376999 28.6767512065999,-96.2548420930999 28.6849535731,-96.2417528115 28.6919250796,-96.2342732218999 28.6954106588,-96.2281960554 28.6960257488999,-96.2193140428999 28.6968458634999,-96.2176778827 28.6980760233,-96.2073934471 28.6974609452,-96.2092633444 28.7052516675,-96.2097308187999 28.7077117751,-96.2069259727 28.7103768264,-96.2031861778999 28.7124268196,-96.1996801203 28.7122218220999,-96.2001475946999 28.7165266855,-96.2029524408 28.7202164274999,-96.2043548638 28.7261607378,-96.2048223381 28.7286203536,-96.2020174920999 28.7312848721,-96.1964077999 28.7351790461,-96.1945379025 28.7374335015,-96.1947716396999 28.739892852,-96.1914993192999 28.7444015109,-96.1879932617 28.7472705560999,-96.1809811465 28.7485001227999,-96.1781763003999 28.7482951960999,-96.1770076146 28.7501395226,-96.1781763003999 28.7544428245,-96.1779425632999 28.7556723066999,-96.1751377172 28.7573115938999,-96.1728003454999 28.7603851878999,-96.1697617621999 28.7626390992999,-96.1650870187999 28.762843998,-96.1585423779 28.7636635884,-96.1564387434 28.762843998,-96.1587761150999 28.762024401,-96.1650870187999 28.7605900908999,-96.1690605506999 28.7603851878999,-96.1713979224 28.7593606665999,-96.169528025 28.7573115938999,-96.1685930764 28.7495247507,-96.1699954994 28.746040975,-96.1725666083 28.7433768327999,-96.1772413517 28.7417373269,-96.1793449862999 28.7403027380999,-96.1798124606 28.7366137052,-96.1840197297999 28.7343592319999,-96.1861233643 28.7331294988999,-96.1865908386999 28.7308749506,-96.1868245758 28.7288253189999,-96.1889282103999 28.7269806161999,-96.1900968963 28.7245209618,-96.1875257874 28.721856271,-96.1833185181999 28.7187815433,-96.181682358 28.7056616895,-96.1837859925999 28.7042266055999,-96.1889282103999 28.6997162139999,-96.1911124282 28.6967588310999,-96.1907981078 28.688029295,-96.1971090114 28.6835182053999,-96.1999138574999 28.6794170462,-96.1999138574999 28.6771613401,-96.2034199151 28.6761360032,-96.2052898124999 28.6751106562,-96.2069259727 28.6716244013,-96.2181453569999 28.6642413609,-96.2137043506999 28.6638311767999,-96.2101982931 28.6619853282,-96.212769402 28.6568578004999,-96.2162754595999 28.6513197889,-96.2218851517999 28.6486532344999,-96.2298322155999 28.6449609704,-96.2335720103999 28.6439353184,-96.2377792795 28.6445507108,-96.237078068 28.6431147895999,-96.2302996899999 28.6408583023,-96.2244562606999 28.6355245938,-96.2216514146 28.6314215567,-96.2182027709 28.6283014089,-96.2151067738 28.6264977004,-96.2118344533 28.6195218418999,-96.2120681905 28.6148026159999,-96.2151067738 28.6119299399,-96.2214176773999 28.6072103728999,-96.2354786857 28.6013268564,-96.2349744335 28.5977706026999,-96.2305334272 28.5909980713,-96.2265598951999 28.5854565847999,-96.2274948439 28.5817620981,-96.2288972669999 28.5815568451,-96.2272611066999 28.5792990349,-96.2183790942 28.5795042923999,-96.2027187035999 28.5852513389,-96.1874109262 28.5914280713999,-96.1746702428 28.5963340415999,-96.1685930764 28.6016697409999,-96.1484916794999 28.6121351337,-96.1382072438999 28.6152129918999,-96.1251179621999 28.6197270207999,-96.1108599946 28.6230098290999,-96.0998743475 28.6240356855999,-96.0900573863 28.6289596573999,-96.0842139569 28.632447331,-96.073462047 28.6351142972999,-96.0659824574999 28.6396274704999,-96.0615414512 28.6427045227999,-96.0561654961999 28.6433199224,-96.0517244898999 28.6470122443,-96.0463485349 28.6490634781,-96.042375003 28.6500890798999,-96.042091995 28.6487365027,-96.0400376312999 28.6488583565,-96.038401471 28.6515249055999,-96.0360640993 28.6525504833999,-96.0330255160999 28.6527555977,-96.0283507726 28.6531658251999,-96.0257796637 28.6507044362,-96.0222736061 28.6480378661999,-96.0183000741999 28.6488583565,-96.0119891705 28.6418839843,-96.0056782668 28.6318318675999,-95.9958613056 28.6176752135999,-95.9944588824999 28.6150078042,-95.9956275683999 28.61254552,-95.9909528249999 28.6078259806,-95.9902516134 28.6047479058999,-95.9921215108 28.606184352,-95.9937576709999 28.6047479058999,-95.9909528249999 28.6024905937999,-95.9949263568999 28.6004384497999,-96.0038083695 28.5979758241,-96.0075481642 28.6018749548,-96.0103530102999 28.599617581,-96.0124566448999 28.5977706026999,-96.011287959 28.5938713198,-96.0147940166 28.5934608604999,-96.0178325998 28.5977706026999,-96.0239097662999 28.5955131408,-96.0241435034999 28.5901771288,-96.04097258 28.5831988583,-96.0416737915 28.5879195037,-96.0451798490999 28.5885352244999,-96.0484521694999 28.5862775642,-96.0454135861999 28.5817620981,-96.0496208553 28.5829936081,-96.0542955987999 28.5817620981,-96.0528931757999 28.5786832601,-96.0589703423 28.5770411763,-96.0643462972 28.5737569317999,-96.0783705276 28.5675986970999,-96.0881874889 28.5614401019,-96.0902911233999 28.5651353022,-96.0947321297 28.5659564402,-96.0956670783999 28.5653405873,-96.0940309182 28.5632877183,-96.1026791935999 28.5589765629,-96.1449856219 28.5431674826999,-96.1517639998999 28.5411141812999,-96.1985114345 28.5177037168,-96.2179116198 28.5113368141,-96.2366105936999 28.5016830351,-96.2401166512999 28.5000397507,-96.235675645 28.4910012291,-96.2660614774 28.4797019887,-96.2845267140999 28.4696343744,-96.3121077004999 28.4529898878999,-96.3172499183 28.4472356286,-96.3228596105 28.4427142053,-96.3356780727999 28.4385161057,-96.3333777832 28.4353150956999,-96.3366501036999 28.4326430678,-96.3434110347999 28.4311434283999,-96.347869488 28.4291487757,-96.3534791800999 28.4211320227,-96.3728793654999 28.4050966954999,-96.3908771277999 28.3913208224,-96.4044338837999 28.3878251669,-96.4070049926999 28.4018070975,-96.4035196861999 28.4055604624999,-96.4037326722999 28.4077694186,-96.4058363067999 28.4087973711,-96.4023302492 28.4174317780999,-96.4067712555 28.4219542817,-96.4081736785999 28.4254488113,-96.4049013581 28.4258599248999,-96.4009278262 28.4266821472,-96.3983567173 28.4314098014,-96.3985904544999 28.4373704558,-96.3969542943 28.4427142053,-96.4004603518999 28.4420976325999,-96.4018627748999 28.4437418185,-96.4018627748999 28.4490852461,-96.4088748900999 28.4583328482,-96.4310799215 28.4764147098999,-96.4408968828 28.4836054993,-96.4607645425 28.4965476864,-96.4626344397999 28.4988072706,-96.4724514011 28.5035316995,-96.4796972535 28.5064073351999,-96.4867093687 28.5088721035,-96.4864756314999 28.5121583715,-96.4918515865 28.5162660627,-96.4962925927 28.5191413513,-96.5019022848999 28.5218111918999,-96.5063432911999 28.5263292297,-96.5117192462 28.5310524257999,-96.5159265152999 28.5382394919999,-96.5240111327999 28.5557289183,-96.5390204456 28.5605458446999,-96.5419068518999 28.5628274697999,-96.5468137425999 28.5635880005,-96.5577820866 28.5689115614999,-96.5624003366 28.5732209136,-96.5655753836 28.580571754,-96.5675958679999 28.5828529447999,-96.5716368367999 28.5838667915,-96.5915530402999 28.5843737112,-96.5964599309999 28.5838667915,-96.5944394466 28.5823460177999,-96.5909757591 28.580571754,-96.5909757591 28.5757557441999,-96.5953053684999 28.5722069643,-96.5929962434999 28.5701790363,-96.5927076028 28.5678975706,-96.5955940090999 28.5689115614999,-96.5990576967 28.5689115614999,-96.6016554624 28.5689115614999,-96.6005008998999 28.5724604525,-96.6036759467999 28.5724604525,-96.6077169155999 28.5716999859999,-96.6080055561999 28.5696720482,-96.6100260407 28.5696720482,-96.6126238062999 28.5684045673,-96.6166647751999 28.5694185533,-96.6183966188999 28.5722069643,-96.6224375877999 28.5711930052,-96.6250353533999 28.5724604525,-96.6279217597 28.5724604525,-96.6310968067 28.5722069643,-96.6328286505 28.5734743993999,-96.6357150567999 28.5734743993999,-96.6383128223999 28.5724604525,-96.6414878693999 28.576262703,-96.6437969944 28.5787974602,-96.6440856349999 28.5848806284,-96.6414878693999 28.5869082729999,-96.6400446661999 28.5846271700999,-96.6365809786999 28.5813321563999,-96.6383128223999 28.5777835646999,-96.6360036974 28.5775300892,-96.6273589368999 28.5793571596,-96.6192625407999 28.5782905137,-96.6192625407999 28.5838667915,-96.6183966188999 28.5884289807,-96.6146442906999 28.588175531,-96.6123351657 28.5858944555999,-96.6106033219 28.5919772133,-96.6137783689 28.6026211922999,-96.6192625407999 28.6119971377,-96.6212830252 28.6213722463,-96.6201284626999 28.6287197191999,-96.6106033219 28.6365733457,-96.6103146812999 28.6418932103999,-96.6137783689 28.6434131221999,-96.6209943845999 28.6489859436,-96.6310968067 28.6527854248,-96.6336945723 28.6575979033999,-96.6368696193 28.6720340136,-96.6426424319 28.6770988441,-96.6588063071999 28.6897598491,-96.6642904792 28.6958365877,-96.6631359165999 28.6996343701999,-96.6564971820999 28.7026724969,-96.6564971820999 28.7067231953999,-96.6602495103 28.7122926497999,-96.6547653383999 28.7155835516,-96.6559199009 28.7231775451999,-96.6536107758 28.7236837919,-96.6440856349999 28.7201400139999,-96.6435083538 28.7181149441,-96.6510130102 28.7206462752999,-96.6515902913999 28.7178618075999,-96.6489925257999 28.7135583935,-96.6455288381999 28.7112800437999,-96.6310968067 28.715330409,-96.6132010876 28.7208994050999,-96.5993463373 28.7234306689,-96.5866461496 28.7254556357999,-96.5831824619999 28.7214056627,-96.5805846963999 28.7140646866999,-96.5788528525999 28.7082421669,-96.5782755712999 28.7041915271999,-96.5811619776 28.6973557172,-96.580873337 28.6912790668,-96.575389165 28.6874809810999,-96.6547653383999 28.7155835516,-96.6559199009 28.7231775451999,-96.6536107758 28.7236837919,-96.6440856349999 28.7201400139999,-96.6435083538 28.7181149441,-96.6510130102 28.7206462752999,-96.6515902913999 28.7178618075999,-96.6489925257999 28.7135583935,-96.6455288381999 28.7112800437999,-96.6310968067 28.715330409,-96.6132010876 28.7208994050999,-96.5993463373 28.7234306689,-96.5866461496 28.7254556357999,-96.5831824619999 28.7214056627,-96.5805846963999 28.7140646866999,-96.5788528525999 28.7082421669,-96.5782755712999 28.7041915271999,-96.5811619776 28.6973557172,-96.580873337 28.6912790668,-96.575389165 28.6874809810999,-96.5707709148999 28.6877341910999,-96.5673072273999 28.6943174361,-96.5690390710999 28.7024193230999,-96.5661526648 28.6988748246999,-96.5618230553999 28.6968493430999,-96.5586480085 28.6917854677999,-96.5595139303 28.6869745593,-96.5641321803999 28.6806440798,-96.5696163524 28.6748197006999,-96.5745232431 28.6727937538,-96.5701936337 28.6715275170999,-96.5716368367999 28.6695015065,-96.5745232431 28.6692482523999,-96.5762550869 28.6672221978,-96.5733686805999 28.6662091558,-96.5707709148999 28.6644363087,-96.5704822743 28.6603839741999,-96.5751005244 28.6563314831,-96.5756778055999 28.6459462595,-96.575389165 28.6383466638999,-96.5719254774 28.6360666779,-96.5618230553999 28.6347999975999,-96.5528751957999 28.6360666779,-96.5511433520999 28.6396133014,-96.5450818988 28.6446796984999,-96.5387318049999 28.6449330119,-96.5289180234999 28.6444263843999,-96.5176610389 28.6403732765999,-96.5049608511999 28.6388533207999,-96.498899398 28.6350533349,-96.4960129916999 28.6297331234,-96.4960129916999 28.6264395239999,-96.5029403668 28.6208655050999,-96.5150569788 28.6162638756,-96.5049608511999 28.6142776466,-96.4983221166999 28.6147844195999,-96.4913947416 28.6132640932,-96.4853332882999 28.6084495811,-96.4836014445999 28.6094631809,-96.4812923195 28.6147844195999,-96.477901216 28.620675892,-96.4732103819 28.6287197191999,-96.4625306785 28.6350533349,-96.4547373814999 28.6368266787,-96.4495418502 28.6365733457,-96.4501191314 28.6327732773,-96.4490491252999 28.6241017709999,-96.4466897533 28.6243819164,-96.4420371938 28.6185851392999,-96.4408826312999 28.6137708711,-96.4377075843 28.6109835623,-96.4342438967999 28.6054087228999,-96.4388621468 28.5967924801,-96.4521396157999 28.5876686296,-96.4628193191999 28.5841202517,-96.4714785381 28.5851340860999,-96.4720558192999 28.5886824299,-96.4720558192999 28.5927375332,-96.4755195069 28.5960321895,-96.4789831945 28.5960321895,-96.4812923195 28.5927375332,-96.4836014445999 28.587415178,-96.4830241633 28.5790509326,-96.4838900852 28.5737278846,-96.4890856165 28.5694185533,-96.4772513507 28.5737278846,-96.4729217411999 28.5739813691999,-96.4102867243999 28.6051553140999,-96.3845662240999 28.6176752135999,-96.380358955 28.6205477325))","Matagorda Bay"
"Menidia beryllina","eatenBy","Paralichthys lethostigma",28.541191,-96.327271,,"Day 1960",-347130000000,1496296,1496280,,,"Literature","Literature",,,,,,,,,,,"POLYGON((-96.380358955 28.6205477325,-96.3611925067999 28.6269080305999,-96.3553490774999 28.6291648179,-96.3490381737999 28.632447331,-96.3348133532 28.6386581563,-96.3275343539 28.6410634395,-96.3186523412999 28.6427045227999,-96.3158474953 28.6437301867999,-96.3079004314 28.6451660996,-96.3039268994999 28.6457814848,-96.3034594251 28.6476276186,-96.3056354312 28.6508361954999,-96.306030534 28.6574731171,-96.3057967967999 28.6648566342,-96.3053293225 28.6687532806999,-96.3022907392 28.6734700801,-96.2973822585999 28.6771613401,-96.2903701433999 28.6816727036,-96.2845267140999 28.6853636746,-96.2786832847999 28.6867990171,-96.2747097528 28.6870040644,-96.2712036953 28.6888494722,-96.2679313748 28.6904898073999,-96.2648927916 28.6923351537999,-96.2630228942 28.6935653666,-96.2641915801 28.6943855005,-96.2674639005 28.6960257488999,-96.2683988491999 28.6974609452,-96.2672301632999 28.699921236,-96.2648927916 28.7021764517,-96.2606855224999 28.7052516675,-96.2609192596 28.711401828,-96.2602180481 28.7155017340999,-96.2620879454999 28.7169366633,-96.2644253171999 28.7148867583999,-96.2676976376999 28.7161167062,-96.2683988491999 28.7189865279999,-96.2672301632999 28.7208313717999,-96.2658277402999 28.7196014795,-96.2658277402999 28.7169366633,-96.2639578428999 28.7171416515999,-96.2611529968 28.7189865279999,-96.2595168366 28.7200114452,-96.2569457277 28.7196014795,-96.2557770418 28.7175516269,-96.2567119904999 28.7132468056,-96.2574132019999 28.7111968285,-96.2562445161999 28.7095568177999,-96.2550758303 28.7087368028,-96.2567119904999 28.7064817284999,-96.2553095675 28.704021592,-96.2553095675 28.7021764517,-96.2571794649 28.7005362996,-96.2611529968 28.7003312788,-96.262789157 28.6993061687,-96.2602180481 28.6976659717,-96.2595168366 28.6958207192999,-96.2588156250999 28.6890545155,-96.2606855224999 28.6845434700999,-96.2651265287999 28.6800322303,-96.2756447014999 28.6761360032,-96.280319445 28.6747005146,-96.2828905539 28.6718294783,-96.2770471246 28.6732650062999,-96.2676976376999 28.6767512065999,-96.2548420930999 28.6849535731,-96.2417528115 28.6919250796,-96.2342732218999 28.6954106588,-96.2281960554 28.6960257488999,-96.2193140428999 28.6968458634999,-96.2176778827 28.6980760233,-96.2073934471 28.6974609452,-96.2092633444 28.7052516675,-96.2097308187999 28.7077117751,-96.2069259727 28.7103768264,-96.2031861778999 28.7124268196,-96.1996801203 28.7122218220999,-96.2001475946999 28.7165266855,-96.2029524408 28.7202164274999,-96.2043548638 28.7261607378,-96.2048223381 28.7286203536,-96.2020174920999 28.7312848721,-96.1964077999 28.7351790461,-96.1945379025 28.7374335015,-96.1947716396999 28.739892852,-96.1914993192999 28.7444015109,-96.1879932617 28.7472705560999,-96.1809811465 28.7485001227999,-96.1781763003999 28.7482951960999,-96.1770076146 28.7501395226,-96.1781763003999 28.7544428245,-96.1779425632999 28.7556723066999,-96.1751377172 28.7573115938999,-96.1728003454999 28.7603851878999,-96.1697617621999 28.7626390992999,-96.1650870187999 28.762843998,-96.1585423779 28.7636635884,-96.1564387434 28.762843998,-96.1587761150999 28.762024401,-96.1650870187999 28.7605900908999,-96.1690605506999 28.7603851878999,-96.1713979224 28.7593606665999,-96.169528025 28.7573115938999,-96.1685930764 28.7495247507,-96.1699954994 28.746040975,-96.1725666083 28.7433768327999,-96.1772413517 28.7417373269,-96.1793449862999 28.7403027380999,-96.1798124606 28.7366137052,-96.1840197297999 28.7343592319999,-96.1861233643 28.7331294988999,-96.1865908386999 28.7308749506,-96.1868245758 28.7288253189999,-96.1889282103999 28.7269806161999,-96.1900968963 28.7245209618,-96.1875257874 28.721856271,-96.1833185181999 28.7187815433,-96.181682358 28.7056616895,-96.1837859925999 28.7042266055999,-96.1889282103999 28.6997162139999,-96.1911124282 28.6967588310999,-96.1907981078 28.688029295,-96.1971090114 28.6835182053999,-96.1999138574999 28.6794170462,-96.1999138574999 28.6771613401,-96.2034199151 28.6761360032,-96.2052898124999 28.6751106562,-96.2069259727 28.6716244013,-96.2181453569999 28.6642413609,-96.2137043506999 28.6638311767999,-96.2101982931 28.6619853282,-96.212769402 28.6568578004999,-96.2162754595999 28.6513197889,-96.2218851517999 28.6486532344999,-96.2298322155999 28.6449609704,-96.2335720103999 28.6439353184,-96.2377792795 28.6445507108,-96.237078068 28.6431147895999,-96.2302996899999 28.6408583023,-96.2244562606999 28.6355245938,-96.2216514146 28.6314215567,-96.2182027709 28.6283014089,-96.2151067738 28.6264977004,-96.2118344533 28.6195218418999,-96.2120681905 28.6148026159999,-96.2151067738 28.6119299399,-96.2214176773999 28.6072103728999,-96.2354786857 28.6013268564,-96.2349744335 28.5977706026999,-96.2305334272 28.5909980713,-96.2265598951999 28.5854565847999,-96.2274948439 28.5817620981,-96.2288972669999 28.5815568451,-96.2272611066999 28.5792990349,-96.2183790942 28.5795042923999,-96.2027187035999 28.5852513389,-96.1874109262 28.5914280713999,-96.1746702428 28.5963340415999,-96.1685930764 28.6016697409999,-96.1484916794999 28.6121351337,-96.1382072438999 28.6152129918999,-96.1251179621999 28.6197270207999,-96.1108599946 28.6230098290999,-96.0998743475 28.6240356855999,-96.0900573863 28.6289596573999,-96.0842139569 28.632447331,-96.073462047 28.6351142972999,-96.0659824574999 28.6396274704999,-96.0615414512 28.6427045227999,-96.0561654961999 28.6433199224,-96.0517244898999 28.6470122443,-96.0463485349 28.6490634781,-96.042375003 28.6500890798999,-96.042091995 28.6487365027,-96.0400376312999 28.6488583565,-96.038401471 28.6515249055999,-96.0360640993 28.6525504833999,-96.0330255160999 28.6527555977,-96.0283507726 28.6531658251999,-96.0257796637 28.6507044362,-96.0222736061 28.6480378661999,-96.0183000741999 28.6488583565,-96.0119891705 28.6418839843,-96.0056782668 28.6318318675999,-95.9958613056 28.6176752135999,-95.9944588824999 28.6150078042,-95.9956275683999 28.61254552,-95.9909528249999 28.6078259806,-95.9902516134 28.6047479058999,-95.9921215108 28.606184352,-95.9937576709999 28.6047479058999,-95.9909528249999 28.6024905937999,-95.9949263568999 28.6004384497999,-96.0038083695 28.5979758241,-96.0075481642 28.6018749548,-96.0103530102999 28.599617581,-96.0124566448999 28.5977706026999,-96.011287959 28.5938713198,-96.0147940166 28.5934608604999,-96.0178325998 28.5977706026999,-96.0239097662999 28.5955131408,-96.0241435034999 28.5901771288,-96.04097258 28.5831988583,-96.0416737915 28.5879195037,-96.0451798490999 28.5885352244999,-96.0484521694999 28.5862775642,-96.0454135861999 28.5817620981,-96.0496208553 28.5829936081,-96.0542955987999 28.5817620981,-96.0528931757999 28.5786832601,-96.0589703423 28.5770411763,-96.0643462972 28.5737569317999,-96.0783705276 28.5675986970999,-96.0881874889 28.5614401019,-96.0902911233999 28.5651353022,-96.0947321297 28.5659564402,-96.0956670783999 28.5653405873,-96.0940309182 28.5632877183,-96.1026791935999 28.5589765629,-96.1449856219 28.5431674826999,-96.1517639998999 28.5411141812999,-96.1985114345 28.5177037168,-96.2179116198 28.5113368141,-96.2366105936999 28.5016830351,-96.2401166512999 28.5000397507,-96.235675645 28.4910012291,-96.2660614774 28.4797019887,-96.2845267140999 28.4696343744,-96.3121077004999 28.4529898878999,-96.3172499183 28.4472356286,-96.3228596105 28.4427142053,-96.3356780727999 28.4385161057,-96.3333777832 28.4353150956999,-96.3366501036999 28.4326430678,-96.3434110347999 28.4311434283999,-96.347869488 28.4291487757,-96.3534791800999 28.4211320227,-96.3728793654999 28.4050966954999,-96.3908771277999 28.3913208224,-96.4044338837999 28.3878251669,-96.4070049926999 28.4018070975,-96.4035196861999 28.4055604624999,-96.4037326722999 28.4077694186,-96.4058363067999 28.4087973711,-96.4023302492 28.4174317780999,-96.4067712555 28.4219542817,-96.4081736785999 28.4254488113,-96.4049013581 28.4258599248999,-96.4009278262 28.4266821472,-96.3983567173 28.4314098014,-96.3985904544999 28.4373704558,-96.3969542943 28.4427142053,-96.4004603518999 28.4420976325999,-96.4018627748999 28.4437418185,-96.4018627748999 28.4490852461,-96.4088748900999 28.4583328482,-96.4310799215 28.4764147098999,-96.4408968828 28.4836054993,-96.4607645425 28.4965476864,-96.4626344397999 28.4988072706,-96.4724514011 28.5035316995,-96.4796972535 28.5064073351999,-96.4867093687 28.5088721035,-96.4864756314999 28.5121583715,-96.4918515865 28.5162660627,-96.4962925927 28.5191413513,-96.5019022848999 28.5218111918999,-96.5063432911999 28.5263292297,-96.5117192462 28.5310524257999,-96.5159265152999 28.5382394919999,-96.5240111327999 28.5557289183,-96.5390204456 28.5605458446999,-96.5419068518999 28.5628274697999,-96.5468137425999 28.5635880005,-96.5577820866 28.5689115614999,-96.5624003366 28.5732209136,-96.5655753836 28.580571754,-96.5675958679999 28.5828529447999,-96.5716368367999 28.5838667915,-96.5915530402999 28.5843737112,-96.5964599309999 28.5838667915,-96.5944394466 28.5823460177999,-96.5909757591 28.580571754,-96.5909757591 28.5757557441999,-96.5953053684999 28.5722069643,-96.5929962434999 28.5701790363,-96.5927076028 28.5678975706,-96.5955940090999 28.5689115614999,-96.5990576967 28.5689115614999,-96.6016554624 28.5689115614999,-96.6005008998999 28.5724604525,-96.6036759467999 28.5724604525,-96.6077169155999 28.5716999859999,-96.6080055561999 28.5696720482,-96.6100260407 28.5696720482,-96.6126238062999 28.5684045673,-96.6166647751999 28.5694185533,-96.6183966188999 28.5722069643,-96.6224375877999 28.5711930052,-96.6250353533999 28.5724604525,-96.6279217597 28.5724604525,-96.6310968067 28.5722069643,-96.6328286505 28.5734743993999,-96.6357150567999 28.5734743993999,-96.6383128223999 28.5724604525,-96.6414878693999 28.576262703,-96.6437969944 28.5787974602,-96.6440856349999 28.5848806284,-96.6414878693999 28.5869082729999,-96.6400446661999 28.5846271700999,-96.6365809786999 28.5813321563999,-96.6383128223999 28.5777835646999,-96.6360036974 28.5775300892,-96.6273589368999 28.5793571596,-96.6192625407999 28.5782905137,-96.6192625407999 28.5838667915,-96.6183966188999 28.5884289807,-96.6146442906999 28.588175531,-96.6123351657 28.5858944555999,-96.6106033219 28.5919772133,-96.6137783689 28.6026211922999,-96.6192625407999 28.6119971377,-96.6212830252 28.6213722463,-96.6201284626999 28.6287197191999,-96.6106033219 28.6365733457,-96.6103146812999 28.6418932103999,-96.6137783689 28.6434131221999,-96.6209943845999 28.6489859436,-96.6310968067 28.6527854248,-96.6336945723 28.6575979033999,-96.6368696193 28.6720340136,-96.6426424319 28.6770988441,-96.6588063071999 28.6897598491,-96.6642904792 28.6958365877,-96.6631359165999 28.6996343701999,-96.6564971820999 28.7026724969,-96.6564971820999 28.7067231953999,-96.6602495103 28.7122926497999,-96.6547653383999 28.7155835516,-96.6559199009 28.7231775451999,-96.6536107758 28.7236837919,-96.6440856349999 28.7201400139999,-96.6435083538 28.7181149441,-96.6510130102 28.7206462752999,-96.6515902913999 28.7178618075999,-96.6489925257999 28.7135583935,-96.6455288381999 28.7112800437999,-96.6310968067 28.715330409,-96.6132010876 28.7208994050999,-96.5993463373 28.7234306689,-96.5866461496 28.7254556357999,-96.5831824619999 28.7214056627,-96.5805846963999 28.7140646866999,-96.5788528525999 28.7082421669,-96.5782755712999 28.7041915271999,-96.5811619776 28.6973557172,-96.580873337 28.6912790668,-96.575389165 28.6874809810999,-96.6547653383999 28.7155835516,-96.6559199009 28.7231775451999,-96.6536107758 28.7236837919,-96.6440856349999 28.7201400139999,-96.6435083538 28.7181149441,-96.6510130102 28.7206462752999,-96.6515902913999 28.7178618075999,-96.6489925257999 28.7135583935,-96.6455288381999 28.7112800437999,-96.6310968067 28.715330409,-96.6132010876 28.7208994050999,-96.5993463373 28.7234306689,-96.5866461496 28.7254556357999,-96.5831824619999 28.7214056627,-96.5805846963999 28.7140646866999,-96.5788528525999 28.7082421669,-96.5782755712999 28.7041915271999,-96.5811619776 28.6973557172,-96.580873337 28.6912790668,-96.575389165 28.6874809810999,-96.5707709148999 28.6877341910999,-96.5673072273999 28.6943174361,-96.5690390710999 28.7024193230999,-96.5661526648 28.6988748246999,-96.5618230553999 28.6968493430999,-96.5586480085 28.6917854677999,-96.5595139303 28.6869745593,-96.5641321803999 28.6806440798,-96.5696163524 28.6748197006999,-96.5745232431 28.6727937538,-96.5701936337 28.6715275170999,-96.5716368367999 28.6695015065,-96.5745232431 28.6692482523999,-96.5762550869 28.6672221978,-96.5733686805999 28.6662091558,-96.5707709148999 28.6644363087,-96.5704822743 28.6603839741999,-96.5751005244 28.6563314831,-96.5756778055999 28.6459462595,-96.575389165 28.6383466638999,-96.5719254774 28.6360666779,-96.5618230553999 28.6347999975999,-96.5528751957999 28.6360666779,-96.5511433520999 28.6396133014,-96.5450818988 28.6446796984999,-96.5387318049999 28.6449330119,-96.5289180234999 28.6444263843999,-96.5176610389 28.6403732765999,-96.5049608511999 28.6388533207999,-96.498899398 28.6350533349,-96.4960129916999 28.6297331234,-96.4960129916999 28.6264395239999,-96.5029403668 28.6208655050999,-96.5150569788 28.6162638756,-96.5049608511999 28.6142776466,-96.4983221166999 28.6147844195999,-96.4913947416 28.6132640932,-96.4853332882999 28.6084495811,-96.4836014445999 28.6094631809,-96.4812923195 28.6147844195999,-96.477901216 28.620675892,-96.4732103819 28.6287197191999,-96.4625306785 28.6350533349,-96.4547373814999 28.6368266787,-96.4495418502 28.6365733457,-96.4501191314 28.6327732773,-96.4490491252999 28.6241017709999,-96.4466897533 28.6243819164,-96.4420371938 28.6185851392999,-96.4408826312999 28.6137708711,-96.4377075843 28.6109835623,-96.4342438967999 28.6054087228999,-96.4388621468 28.5967924801,-96.4521396157999 28.5876686296,-96.4628193191999 28.5841202517,-96.4714785381 28.5851340860999,-96.4720558192999 28.5886824299,-96.4720558192999 28.5927375332,-96.4755195069 28.5960321895,-96.4789831945 28.5960321895,-96.4812923195 28.5927375332,-96.4836014445999 28.587415178,-96.4830241633 28.5790509326,-96.4838900852 28.5737278846,-96.4890856165 28.5694185533,-96.4772513507 28.5737278846,-96.4729217411999 28.5739813691999,-96.4102867243999 28.6051553140999,-96.3845662240999 28.6176752135999,-96.380358955 28.6205477325))","Matagorda Bay"
"Menidia beryllina","eatenBy","Paralichthys lethostigma",28.642875,-96.379366,,"Day 1960",-315594000000,1496441,1496425,,,"Literature","Literature",,,,,,,,,,,"POLYGON((-96.3611925067999 28.6269080305999,-96.380358955 28.6205477325,-96.3833975382 28.6205477325,-96.3913701725 28.6192477439999,-96.3929807622999 28.6152129918999,-96.3971880314 28.6176752135999,-96.3999928774999 28.6219839625,-96.3985904544999 28.6273183592,-96.3941494481999 28.6322421769999,-96.3999928774999 28.6340885490999,-96.3983567173 28.6310112442,-96.3995254032 28.6287544965,-96.4056025696999 28.6301906142999,-96.4105110503 28.6283441735999,-96.4154195308999 28.6295751377,-96.4170556911 28.6318318675999,-96.4154195308999 28.6342936994999,-96.4114459989999 28.6367554736999,-96.416821954 28.6394223305,-96.4186918512999 28.6431147895999,-96.4198605371999 28.6470122443,-96.4149520566 28.6556271565,-96.4130821592 28.6593190450999,-96.4063037811999 28.6650617244,-96.4067712555 28.6671126051,-96.4091086273 28.6681380304,-96.4119134733 28.671214246,-96.4170556911 28.6726497824,-96.4214966974 28.6753157264,-96.4233665948 28.6831080967,-96.4184581142 28.6886444285,-96.4123809477 28.6935653666,-96.4091086273 28.6960257488999,-96.4091086273 28.7032015337,-96.4084074156999 28.7159117158999,-96.4081736785999 28.7210363523999,-96.4072387299 28.7232911129999,-96.4044338837999 28.7271855848,-96.4065375184 28.7298501398,-96.4067712555 28.7259557671999,-96.4091086273 28.7232911129999,-96.4109785245999 28.7183715727999,-96.4137833707 28.7138617909999,-96.4184581142 28.7091468110999,-96.4231328575999 28.7085317981,-96.4285088126 28.7077117751,-96.4324823445 28.7087368028,-96.4350534534 28.7120168241999,-96.4394944597 28.7146817657,-96.4383257739 28.7169366633,-96.4404294084 28.7196014795,-96.4383257739 28.7251358808,-96.4355209277999 28.7329245419999,-96.4364558765 28.7347691398,-96.4359884020999 28.7380483445999,-96.4378582994999 28.7384582379,-96.4458053633999 28.7380483445999,-96.4490776837999 28.7388681296999,-96.450713844 28.7405076806,-96.4504801069 28.7470656269,-96.4514150555999 28.7544428245,-96.4504801069 28.7552624809,-96.4476752607999 28.7499345989999,-96.4444029403999 28.7517788966,-96.4430005173 28.7480902689,-96.4432342544999 28.743171896,-96.4406631455999 28.7415323867999,-96.4329498188999 28.7439916408999,-96.4287425498 28.7403027380999,-96.4275738638999 28.7362038045999,-96.4287425498 28.7290302838999,-96.4315473958999 28.7239060391999,-96.4336510304 28.7177566139999,-96.4320148702 28.7179616005999,-96.4257039664999 28.7189865279999,-96.4224316460999 28.7196014795,-96.4158870052999 28.724315988,-96.4154195308999 28.7278004881,-96.4161207423999 28.7300551027,-96.4142508451 28.7329245419999,-96.4067712555 28.7357939024,-96.3983567173 28.7376384495999,-96.3941494481999 28.7339493226,-96.3932144995 28.7312848721,-96.3901759162999 28.7294402126999,-96.3871373329999 28.7249309082,-96.3871373329999 28.7196014795,-96.3878385444999 28.7159117158999,-96.3908771277999 28.7140667852999,-96.3929807622999 28.7122218220999,-96.3936819738 28.7099668229,-96.3927470251999 28.7093518147,-96.3890072303999 28.7093518147,-96.3845662240999 28.7081217874,-96.3847999613 28.7064817284999,-96.3871373329999 28.7056616895,-96.3880722817 28.7027915020999,-96.3918120765 28.7029965181,-96.3929807622999 28.7021764517,-96.3913446021 28.6986910978,-96.3899421791 28.6954106588,-96.3892409676 28.6923351537999,-96.3897084418999 28.6892595584,-96.3915783392999 28.6857737744999,-96.3948506596999 28.6837232590999,-96.3957856084 28.6796221078999,-96.3929807622999 28.6765461391999,-96.3890072303999 28.6732650062999,-96.3871373329999 28.6699837705999,-96.3866698587 28.6644464524,-96.3847999613 28.6656769929,-96.3808264293 28.6652668143,-96.3777878461 28.6644464524,-96.3721781538999 28.6650617244,-96.3642310901 28.6628057094,-96.3600238208999 28.6597292469,-96.3588551351 28.6556271565,-96.3572189748999 28.6513197889,-96.3553490774999 28.6453712283999,-96.356590561 28.6387713591,-96.3574527119999 28.6334730953,-96.3656335130999 28.6291648179,-96.3611925067999 28.6269080305999))","Carancahua Bay"
"Menidia beryllina","eatenBy","Paralichthys lethostigma",28.642875,-96.379366,,"Day 1960",-347130000000,1496417,1496401,,,"Literature","Literature",,,,,,,,,,,"POLYGON((-96.3611925067999 28.6269080305999,-96.380358955 28.6205477325,-96.3833975382 28.6205477325,-96.3913701725 28.6192477439999,-96.3929807622999 28.6152129918999,-96.3971880314 28.6176752135999,-96.3999928774999 28.6219839625,-96.3985904544999 28.6273183592,-96.3941494481999 28.6322421769999,-96.3999928774999 28.6340885490999,-96.3983567173 28.6310112442,-96.3995254032 28.6287544965,-96.4056025696999 28.6301906142999,-96.4105110503 28.6283441735999,-96.4154195308999 28.6295751377,-96.4170556911 28.6318318675999,-96.4154195308999 28.6342936994999,-96.4114459989999 28.6367554736999,-96.416821954 28.6394223305,-96.4186918512999 28.6431147895999,-96.4198605371999 28.6470122443,-96.4149520566 28.6556271565,-96.4130821592 28.6593190450999,-96.4063037811999 28.6650617244,-96.4067712555 28.6671126051,-96.4091086273 28.6681380304,-96.4119134733 28.671214246,-96.4170556911 28.6726497824,-96.4214966974 28.6753157264,-96.4233665948 28.6831080967,-96.4184581142 28.6886444285,-96.4123809477 28.6935653666,-96.4091086273 28.6960257488999,-96.4091086273 28.7032015337,-96.4084074156999 28.7159117158999,-96.4081736785999 28.7210363523999,-96.4072387299 28.7232911129999,-96.4044338837999 28.7271855848,-96.4065375184 28.7298501398,-96.4067712555 28.7259557671999,-96.4091086273 28.7232911129999,-96.4109785245999 28.7183715727999,-96.4137833707 28.7138617909999,-96.4184581142 28.7091468110999,-96.4231328575999 28.7085317981,-96.4285088126 28.7077117751,-96.4324823445 28.7087368028,-96.4350534534 28.7120168241999,-96.4394944597 28.7146817657,-96.4383257739 28.7169366633,-96.4404294084 28.7196014795,-96.4383257739 28.7251358808,-96.4355209277999 28.7329245419999,-96.4364558765 28.7347691398,-96.4359884020999 28.7380483445999,-96.4378582994999 28.7384582379,-96.4458053633999 28.7380483445999,-96.4490776837999 28.7388681296999,-96.450713844 28.7405076806,-96.4504801069 28.7470656269,-96.4514150555999 28.7544428245,-96.4504801069 28.7552624809,-96.4476752607999 28.7499345989999,-96.4444029403999 28.7517788966,-96.4430005173 28.7480902689,-96.4432342544999 28.743171896,-96.4406631455999 28.7415323867999,-96.4329498188999 28.7439916408999,-96.4287425498 28.7403027380999,-96.4275738638999 28.7362038045999,-96.4287425498 28.7290302838999,-96.4315473958999 28.7239060391999,-96.4336510304 28.7177566139999,-96.4320148702 28.7179616005999,-96.4257039664999 28.7189865279999,-96.4224316460999 28.7196014795,-96.4158870052999 28.724315988,-96.4154195308999 28.7278004881,-96.4161207423999 28.7300551027,-96.4142508451 28.7329245419999,-96.4067712555 28.7357939024,-96.3983567173 28.7376384495999,-96.3941494481999 28.7339493226,-96.3932144995 28.7312848721,-96.3901759162999 28.7294402126999,-96.3871373329999 28.7249309082,-96.3871373329999 28.7196014795,-96.3878385444999 28.7159117158999,-96.3908771277999 28.7140667852999,-96.3929807622999 28.7122218220999,-96.3936819738 28.7099668229,-96.3927470251999 28.7093518147,-96.3890072303999 28.7093518147,-96.3845662240999 28.7081217874,-96.3847999613 28.7064817284999,-96.3871373329999 28.7056616895,-96.3880722817 28.7027915020999,-96.3918120765 28.7029965181,-96.3929807622999 28.7021764517,-96.3913446021 28.6986910978,-96.3899421791 28.6954106588,-96.3892409676 28.6923351537999,-96.3897084418999 28.6892595584,-96.3915783392999 28.6857737744999,-96.3948506596999 28.6837232590999,-96.3957856084 28.6796221078999,-96.3929807622999 28.6765461391999,-96.3890072303999 28.6732650062999,-96.3871373329999 28.6699837705999,-96.3866698587 28.6644464524,-96.3847999613 28.6656769929,-96.3808264293 28.6652668143,-96.3777878461 28.6644464524,-96.3721781538999 28.6650617244,-96.3642310901 28.6628057094,-96.3600238208999 28.6597292469,-96.3588551351 28.6556271565,-96.3572189748999 28.6513197889,-96.3553490774999 28.6453712283999,-96.356590561 28.6387713591,-96.3574527119999 28.6334730953,-96.3656335130999 28.6291648179,-96.3611925067999 28.6269080305999))","Carancahua Bay"
"Menidia beryllina","eatenBy","Sciaenops ocellatus",28.639232,-96.105117,-0.7,"Akin et al 2006",,1457509,1457503,,,,,,,,,,,,,,,,
"Menidia beryllina","eatenBy","Lepisosteus oculatus",28.632555,-96.110896,-0.7,"Akin et al 2006",,1483403,1483401,,,,,,,,,,,,,,,,
"Menidia beryllina","eatenBy","Cynoscion nebulosus",27.330764,-97.520794,,"Breuer 1957",,1590113,1590111,,"juvenile?","Literature","Literature",,,,,,,,,,,"POLYGON((-97.648611118 27.2761569044999,-97.6535964727 27.2757138013,-97.6573354886999 27.2734982588,-97.6626947448999 27.2733874804999,-97.6735378911999 27.2713934525,-97.6826361634 27.2686239097999,-97.6884939551 27.2685131267,-97.6944763806999 27.2669621511,-97.6977168612 27.2685131267,-97.6993371015 27.2687346929,-97.7022036804 27.26452486,-97.7083107397999 27.2629738288,-97.7132960943999 27.2628630399999,-97.7175336459 27.2639709227999,-97.7201509571 27.2634169827,-97.7223943666 27.2637493470999,-97.7266319180999 27.2618659361,-97.7288753276999 27.2628630399999,-97.7306202017999 27.2626414621,-97.7346084855 27.2647464341,-97.7371011628 27.2649680078,-97.7394692063 27.2672945047999,-97.7395938401 27.2693993886999,-97.7403416432999 27.2731659236,-97.7444545608999 27.2726120294,-97.7483182107999 27.2756030251999,-97.7510601558 27.2780400734,-97.7534281993 27.2802555254,-97.7509355219 27.2810309231,-97.7488167462 27.2802555254,-97.7455762656999 27.2787047136,-97.7469472381999 27.2767107809999,-97.7445791947999 27.2746060356,-97.7425850528999 27.2743844811,-97.7372257967 27.2800339821999,-97.7349823871 27.2791478048999,-97.7354809226 27.2751599198,-97.7356055564 27.2732767020999,-97.7327389775 27.2719473528,-97.7287506937999 27.271615013,-97.7258841148999 27.2696209530999,-97.7247624100999 27.2691778239,-97.7202755909 27.271061111,-97.7176242988 27.2723553179999,-97.7141685314999 27.2770431056,-97.7105541493999 27.2771538802999,-97.7100556138999 27.2758245773,-97.7074383026999 27.2767107809999,-97.7036992868 27.2753814727999,-97.7004588063 27.2751599198,-97.6954734515999 27.2773754291999,-97.6909472260999 27.2805390949,-97.6889924906 27.2819170853,-97.6866244471 27.2821386248,-97.6843810376 27.2834678522,-97.6798942183999 27.2830247782,-97.6744103282999 27.2834678522,-97.6714191155 27.2840216923,-97.6694249736 27.2855724297999,-97.6674308318 27.2846862966999,-97.6606836976999 27.2877641996,-97.648611118 27.2761569044999))","Alazan Bay"
"Menidia beryllina","eatenBy","Cynoscion nebulosus",27.255785,-97.535862,,"Breuer 1957",,1590008,1590006,,"juvenile?","Literature","Literature",,,,,,,,,,,"POLYGON((-97.6188457945 27.2934876702,-97.6140788488 27.2921075759999,-97.6124399679 27.2882165619,-97.6130260520999 27.2858255143,-97.6110708583999 27.2848898577,-97.5446224325999 27.2854289128999,-97.5414358801999 27.2822165096,-97.5379766912 27.28061247,-97.5390294878999 27.2824838473,-97.5375122507 27.2834933283999,-97.5348183013 27.2811471523999,-97.5320457409 27.282005173,-97.5277495237999 27.2791420799,-97.5220752135 27.2792908316,-97.5107543779 27.2778053448,-97.5094946848 27.2758658579,-97.5073428255 27.2752800164999,-97.4925653235 27.2899060724999,-97.4688112675 27.3051653969,-97.4543545575999 27.3120206988,-97.4468345816 27.3136242847999,-97.4350502029 27.3131224981,-97.4244250529999 27.3164305045,-97.4110394955999 27.3227108341999,-97.4220363370999 27.2630404085,-97.4242746534 27.2639023461999,-97.4271322442999 27.2628328127,-97.4305914332999 27.2632338889999,-97.4335994237 27.2625654277999,-97.4381181164999 27.263941449,-97.4445785887999 27.2643034186,-97.4493913734 27.2625654277999,-97.4530009619 27.2600252384999,-97.4614233350999 27.2581534828999,-97.4707481054 27.2533402524999,-97.4764632872 27.2510672658,-97.4832312655999 27.2505324386,-97.4866904545999 27.2490616506,-97.4886456483999 27.2493290681,-97.4898488445 27.2485268138,-97.4884952488999 27.2467885764999,-97.4883448493 27.2454514522999,-97.4921048374 27.2445154557999,-97.4922552368999 27.2430445882999,-97.4913961984999 27.2405451495999,-97.4933080335 27.2383644260999,-97.4955861658 27.2391860854,-97.4985720167999 27.2421085715999,-97.4972184211 27.2439805972,-97.4975192201 27.2455851654,-97.4996248134 27.2449165982,-97.5042871984999 27.2384981477,-97.5131731330999 27.2334813688,-97.5233970684 27.2301648778999,-97.5430902748999 27.229137244,-97.5548214375999 27.2319455977,-97.5623414135999 27.2346201545,-97.5680565953999 27.2346201545,-97.5703125881999 27.2359574088,-97.5698113562999 27.2385571503,-97.5753676474 27.2391261709,-97.6017460881 27.243445736,-97.6252084133 27.2417074192,-97.6322771907999 27.243445736,-97.6339591488 27.2451263582,-97.6366387769 27.2471897106,-97.6399475663999 27.2528054363,-97.6405491643999 27.2637686551,-97.6399475663999 27.2703193309,-97.6420531596999 27.2728592849999,-97.648611118 27.2761569044999,-97.6606836976999 27.2877641996,-97.6572435112999 27.2969191275999,-97.6591051911999 27.2990135117,-97.6566868565 27.3009043054,-97.6352455939999 27.299367769,-97.6188457945 27.2934876702))","Baffin Bay"
"Menidia beryllina","eatenBy","Cynoscion nebulosus",27.354517,-97.683847,,"Breuer 1957",,1590043,1590041,,"juvenile?","Literature","Literature",,,,,,,,,,,"POLYGON((-97.4870956495999 27.3503973818,-97.4829856629 27.3493326343,-97.4825059908999 27.3448169800999,-97.4812731684999 27.3397494459,-97.4851832547 27.337656885,-97.4906302841 27.3344185045,-97.4939456272999 27.3324474128,-97.4961718699999 27.3292526221,-97.4968568678 27.3254491797,-97.5026793488 27.3246884755999,-97.5042205938 27.3237756237,-97.4997681083 27.3199719935,-97.4973706161 27.3141902256999,-97.4978843643999 27.3084081565999,-97.5023368499 27.3036909823999,-97.5059330881999 27.3059735110999,-97.509700576 27.3055170091,-97.5114130703999 27.3041474919,-97.5162080548 27.3047561682999,-97.5174068009 27.3042996613,-97.5179205491999 27.3018649256,-97.5235717807999 27.2989736076,-97.5245992775 27.2965387550999,-97.5263117718999 27.2947125807,-97.525969273 27.2906035783999,-97.5287145517999 27.2907686576999,-97.5319630034999 27.2877119672,-97.5415529722999 27.2863422303,-97.5436079656 27.2906035783999,-97.5460054578 27.2915167031999,-97.5460054578 27.2893860671,-97.5463479567 27.2877119672,-97.5446224325999 27.2854289128999,-97.6110708583999 27.2848898577,-97.6061140120999 27.2867988110999,-97.5968665422 27.2951691270999,-97.584390583 27.3085831803999,-97.5732341190999 27.3155596189999,-97.5653566448 27.3189069537,-97.5518279388 27.3278833978,-97.5477179522 27.3297090264,-97.5436079656 27.3339687094,-97.5382992329 27.3377718594999,-97.5319630034999 27.3408142856,-97.5307642573999 27.3434002820999,-97.525969273 27.3497889558999,-97.5237430302999 27.351918432,-97.5143243108999 27.3593712758,-97.5120980682 27.3628693763999,-97.5155230569999 27.3611963856,-97.5172355514 27.3615005676,-97.518605547 27.3646944286,-97.5184376336 27.3671307492,-97.5134680637 27.3680402793,-97.509700576 27.3700173253999,-97.5085018298999 27.3759482516999,-97.5120980682 27.380662351,-97.5091868276 27.3861365367999,-97.5059330881999 27.3761003225999,-97.5037068455 27.3692569271999,-97.5018231015999 27.3700173253999,-97.5023368499 27.3753399661999,-97.4990831104999 27.3805102864,-97.4973706161 27.3835515383999,-97.487266899 27.3818788602,-97.4821294157 27.3750358222,-97.4792181752 27.3730588658,-97.4763069347 27.3674319502999,-97.4807594202 27.3698652462,-97.4824719145999 27.3688006858,-97.4849708888 27.364783396,-97.4829856629 27.3602838344,-97.4870956495999 27.3503973818))","Cayo del Grullo"
"Menidia beryllina","eatenBy","Cynoscion nebulosus",27.27722,-97.674815,,"Breuer 1957",,1590078,1590076,,"juvenile?","Literature","Literature",,,,,,,,,,,"POLYGON((-97.6566868565 27.3009043054,-97.6544058467 27.3042064174,-97.6646249485999 27.3096924329,-97.6727150708999 27.3096924329,-97.6754827442999 27.3123407570999,-97.6765472340999 27.3172589057,-97.6839842623 27.3268553063,-97.6918758868 27.3346598344999,-97.6901727032 27.3401443437999,-97.6923016827 27.3467632176,-97.6954951520999 27.350356155,-97.6961338458999 27.3565962429,-97.6984757233999 27.3601888612999,-97.7023078865999 27.3620796662,-97.7046497640999 27.3677518874,-97.7046497640999 27.3719113315,-97.7091206212 27.3730456981999,-97.712240937 27.376314736,-97.7114624987 27.3781502046,-97.714868866 27.3813640322,-97.7150817639 27.3845777664,-97.7178627236999 27.387202037,-97.7187010292 27.388736578,-97.7199784169 27.3883585107,-97.7199784169 27.3847668067,-97.7229589882999 27.3847668067,-97.724023478 27.3874133368,-97.7233847841999 27.3953525469,-97.7253008657999 27.3981878409,-97.7308362125999 27.4021571303999,-97.7346683757999 27.4078272966999,-97.7350941716999 27.4129301976,-97.7342425798999 27.4167099722,-97.7389263349 27.4201116588,-97.7402037226 27.4223793916,-97.7408424165 27.4214345086,-97.7482938449 27.4250250211,-97.7517002122 27.4244581057999,-97.7538291917 27.4261588429,-97.7546807835999 27.4288043817999,-97.7602293992 27.4306628046,-97.7642611914999 27.4303160898,-97.7659643751999 27.4325836131,-97.7638353955999 27.4335284006999,-97.7614935180999 27.4329615291,-97.7604290282999 27.4320167367,-97.7576613548999 27.4325836131,-97.7468035592 27.4289933463999,-97.7363715593999 27.4248360497,-97.7333909880999 27.4233242666,-97.7306233145999 27.4244581057999,-97.7284943350999 27.4288043817999,-97.7274298452999 27.4276705872,-97.7276427432999 27.4237022143,-97.7289201309999 27.4214345086,-97.7284943350999 27.4193557374999,-97.7267911513999 27.4172769272,-97.7259395595999 27.4131191894,-97.7253008657999 27.4104732746999,-97.7263653554999 27.408961295,-97.7248750698999 27.4076382958,-97.7216816005 27.4066932867,-97.7199784169 27.4076382958,-97.7174236414 27.4072602932,-97.7144430701 27.4053702604,-97.7121011925 27.4025351505999,-97.7125269885 27.3993219382,-97.7108238048 27.3987548909999,-97.7080561313999 27.3968647127999,-97.6986886213999 27.3919500981,-97.6978370295999 27.3936513356,-97.6982628254999 27.3964866731999,-97.6978370295999 27.3981878409,-97.6937919684 27.3936513356,-97.6957080499999 27.3919500981,-97.6957080499999 27.3894927087999,-97.7006047029999 27.387224301,-97.7023078865999 27.3853339256,-97.7010304988999 27.3840106436,-97.6935790704999 27.3811749861,-97.6874050298 27.3804187984999,-97.6801664993 27.3764487286,-97.6776117237999 27.3719113315,-97.6782504176999 27.3681300251,-97.6767601319999 27.3656721067,-97.6737795605999 27.3647267389,-97.6714376830999 27.3656721067,-97.6678184178999 27.3630250566,-97.6635604588 27.3609451871,-97.6610056833 27.3586761940999,-97.6601540915 27.3558398873,-97.6631346629 27.3545162526,-97.6644120506 27.3520580319999,-97.6682442137999 27.3450612592,-97.6656894383 27.3433592746999,-97.6622830711 27.3386314028,-97.6590896017 27.3378749246,-97.6603669895 27.3339033291,-97.657812214 27.3282293745999,-97.653128459 27.3248248624,-97.6454641325999 27.3236900017999,-97.6331160512 27.3236900017999,-97.6324545919 27.3144189474,-97.6343934389 27.3119624288999,-97.6299225819 27.3095032644,-97.6316257655 27.3047739488,-97.6352455939999 27.299367769,-97.6566868565 27.3009043054))","Laguna Salada"
"Menidia peninsulae","eatenBy","Phalacrocorax brasilianus",29.284247,-94.926834,,"King 1989",382777200000,1648565,1648551,,,"Literature","Literature",,,,,,,,,,,"POLYGON((-94.9195880824999 29.2904766901,-94.9152632914999 29.2819896323,-94.9336226884999 29.2776701153,-94.938305361 29.2869785689999))","North Deer Islands"
"Menidia peninsulae","eatenBy","Phalacrocorax brasilianus",29.648506,-94.957797,,"King 1989",382777200000,1648517,1648503,,,"Literature","Literature",,,,,,,,,,,"POLYGON((-94.9651631702 29.6907978829,-94.9328387272999 29.6143731037,-94.9499516677 29.60486759,-94.9832268294999 29.6846034416))","Atkinson Island"
"Menidia peninsulae","eatenBy","Phalacrocorax brasilianus",29.284247,-94.926834,,"King 1989",357894000000,1648469,1648455,,,"Literature","Literature",,,,,,,,,,,"POLYGON((-94.9195880824999 29.2904766901,-94.9152632914999 29.2819896323,-94.9336226884999 29.2776701153,-94.938305361 29.2869785689999))","North Deer Islands"
"Menidia peninsulae","eatenBy","Phalacrocorax brasilianus",29.648506,-94.957797,,"King 1989",357894000000,1648421,1648407,,,"Literature","Literature",,,,,,,,,,,"POLYGON((-94.9651631702 29.6907978829,-94.9328387272999 29.6143731037,-94.9499516677 29.60486759,-94.9832268294999 29.6846034416))","Atkinson Island"
"Menidia peninsulae","eatenBy","Phalacrocorax brasilianus",29.284247,-94.926834,,"King 1989",326098800000,1648373,1648359,,,"Literature","Literature",,,,,,,,,,,"POLYGON((-94.9195880824999 29.2904766901,-94.9152632914999 29.2819896323,-94.9336226884999 29.2776701153,-94.938305361 29.2869785689999))","North Deer Islands"
"Menidia peninsulae","eatenBy","Phalacrocorax brasilianus",29.648506,-94.957797,,"King 1989",326098800000,1648324,1648310,,,"Literature","Literature",,,,,,,,,,,"POLYGON((-94.9651631702 29.6907978829,-94.9328387272999 29.6143731037,-94.9499516677 29.60486759,-94.9832268294999 29.6846034416))","Atkinson Island"
"Menidia peninsulae","eatenBy","Rynchops niger",29.350831,-94.823877,,"King 1989",315558000000,1661540,1661538,,,"Literature","Literature",,,,,,,,,,,"POLYGON((-94.8235370713519 29.3563944351128,-94.9632769362143 29.6909622837492,-94.9422657468589 29.6361328848375,-94.964251122309 29.6294185753762,-94.9894217063642 29.685284069958))","Little Pelican Island"
"Menidia peninsulae","eatenBy","Rynchops niger",29.663208,-94.965746,,"King 1989",315558000000,1661493,1661491,,,"Literature","Literature",,,,,,,,,,,"POLYGON((-94.8235370713519 29.3563944351128,-94.8145194106274 29.3504048752079,-94.8283403389216 29.3429378632347,-94.8341851231131 29.3472790488782))","Atkinson Island"
"Menidia peninsulae","eatenBy","Cynoscion nebulosus",28.107753,-97.112401,,"Gunter 1945",,1579502,1579494,,,"Literature","Literature",,,,,,,,,,,"POLYGON((-97.0093363788 28.1347377821999,-97.0271064561 28.1099013285999,-97.0283112071 28.1116281129999,-97.0313230846 28.1140189995,-97.0331302111 28.1146831251,-97.0338831804999 28.1157457177,-97.0352385254 28.1170739434999,-97.0377986211999 28.1169411216,-97.03930456 28.1181365123,-97.0417140619999 28.1186677928,-97.0442741579 28.1182693326999,-97.0469848476 28.1184021529,-97.0519544455 28.1188006124999,-97.0541205483 28.118129828,-97.0537387947999 28.1169172866,-97.0475872230999 28.11627701,-97.0469848476 28.1153472467,-97.0472860354 28.1133548697,-97.0471354415 28.1071118487999,-97.0472860354 28.1017983533,-97.0480390048 28.0998057245999,-97.0504485067999 28.0986101296999,-97.0519544455 28.0970159823,-97.0552675107999 28.0922333982999,-97.0587311699 28.0899748817,-97.0630983923 28.0873177426,-97.0674656146999 28.0858562879999,-97.0710798677 28.0851919839,-97.0734893696999 28.0855905668999,-97.0751459022999 28.0849262612,-97.076802435 28.0837305005,-97.0784589676 28.0818704018,-97.0814708451 28.0806746071,-97.0847839104 28.0796116671999,-97.0870428184999 28.0796116671999,-97.0905064776 28.0797445353,-97.0938195428999 28.0792130620999,-97.0969820142999 28.0786815863,-97.1004456734 28.0780172378,-97.1025539877 28.0768214002,-97.1040599263999 28.0748283078999,-97.1069212100999 28.0719050388999,-97.1093307121 28.0701776153,-97.1108366507999 28.0693803336,-97.1121919957 28.0685830458,-97.1123425896 28.0645965185999,-97.1132461528 28.0632676433,-97.1162580303 28.0592809187999,-97.1183663446 28.0578190827999,-97.1212276282 28.0555598426,-97.1266490076999 28.0530347531999,-97.1289079159 28.0511741231,-97.1319197934 28.0497121769,-97.1340281076 28.0493134608,-97.1352328586 28.0471869502,-97.1334257320999 28.0461236790999,-97.1322209811 28.0446616642,-97.1317691994999 28.0426679754999,-97.131166824 28.040807166,-97.1301126669 28.0397438317999,-97.1275525709999 28.0393450788,-97.125143069 28.0396109142999,-97.1213782221 28.0388134057999,-97.119119314 28.037750052,-97.1171615936 28.0361550014999,-97.1173121875 28.0345599272999,-97.1198722832999 28.0332306807999,-97.1225829730999 28.0316355633,-97.1242395057 28.0296416332,-97.1260466322 28.0272488682999,-97.1275525709999 28.0284452574,-97.1295102913999 28.0291099121999,-97.1316186055999 28.0295087032,-97.1346304830999 28.0283123259,-97.1377929545 28.0276476660999,-97.1400518626 28.0271159352999,-97.1396000809999 28.0248560502,-97.1396000809999 28.0231278707,-97.1399012688 28.021133783,-97.1409554259 28.0191396582999,-97.1426119584999 28.0179431657999,-97.1448708667 28.0142206595999,-97.1465273992999 28.0114286955,-97.146828587 28.0081048342999,-97.1463768053999 28.0063763859999,-97.1472803686999 27.9998612161,-97.1492380889999 27.9990634131,-97.1502922461999 27.9978666975,-97.1531535297999 27.9979996665999,-97.1563160011999 27.9973348197,-97.162640944 27.9944094447,-97.1671587601999 27.9934786269,-97.1688152929 27.9934786269,-97.1700200438999 27.9930797025,-97.1700200438999 27.9917499439,-97.168664699 27.9900212332,-97.168664699 27.9886914369,-97.1700200438999 27.9857658273,-97.1718271703999 27.9836380612999,-97.1737848907 27.9817762317,-97.1751402355999 27.9812442745,-97.174688454 27.9795153953,-97.1749896416999 27.9779194822999,-97.1754414234 27.9769885221,-97.1771489582999 27.9753376351999,-97.178302707 27.9736635988,-97.1802604274 27.9718015969999,-97.1829711170999 27.9715355941,-97.1882419028 27.9715355941,-97.1897478414999 27.9710035863,-97.1914043742 27.9711365884999,-97.1914043742 27.9719345982,-97.1898984353999 27.9731316015,-97.1870371517999 27.9747275854,-97.1859829945999 27.9757915614999,-97.1844770559 27.9779194822999,-97.1811639905999 27.9797813785,-97.1791635939 27.9803736424,-97.1780015192999 27.9817762317,-97.1796782285999 27.9816600427,-97.1814651784 27.9820422093,-97.1802849133 27.983176515,-97.1770979559999 27.9847019496,-97.1769473620999 27.9862977622,-97.1758932049999 27.9880265325999,-97.174688454 27.9888244172999,-97.1743872662 27.9912180359,-97.1745378601 27.9942764711999,-97.1730319213999 27.9962710560999,-97.1701706376999 27.9973348197,-97.1683635111999 27.9983985727999,-97.1659540091999 28.0021216258,-97.1639962888 28.0045149490999,-97.1612855990999 28.0051797516,-97.1593278786999 28.0047808706,-97.1570689705999 28.0046479099,-97.1566171889 28.0058445501,-97.1573701582999 28.008636659,-97.1570689705999 28.0107639314,-97.1581231276999 28.0119605036999,-97.1599302542 28.0143536084,-97.1606832236 28.016480768,-97.1602314419999 28.0180761099999,-97.1603820357999 28.0206020199999,-97.1591772847999 28.0220643617999,-97.1569183767 28.0223302399999,-97.1551112501999 28.0223302399999,-97.1543582807999 28.0233937462999,-97.1548100624 28.0255207272,-97.1546594686 28.0287111198,-97.1537559053 28.0313697081,-97.1524005603999 28.0328319036,-97.1507440278 28.0342940793,-97.1546594686 28.0369525296999,-97.1587255032 28.0382817302,-97.1605326297 28.0397438317999,-97.1608338175 28.0420034043,-97.1603820357999 28.0438641930999,-97.1587255032 28.0458578597,-97.1576713461 28.0474527663,-97.1590266909 28.0485160243,-97.1671587601999 28.0527689508999,-97.168664699 28.0548953511999,-97.1725801397 28.0566230204,-97.1761943926999 28.0586164503999,-97.1789050824999 28.0591480255,-97.1822181478 28.0599453831999,-97.1892960599 28.0627360886,-97.1930609068 28.0645965185999,-97.1954704088 28.0663240318999,-97.1984822863 28.0673871032,-97.2025483208999 28.0691145716,-97.2036024780999 28.068450164,-97.2031506964 28.0673871032,-97.2017953515999 28.0655267214999,-97.2016447576999 28.0630018662999,-97.2031506964 28.0611414086999,-97.2051084168 28.0606098434,-97.2070661372 28.0606098434,-97.2087226697999 28.060742735,-97.2108358294999 28.0595141589,-97.2129392983 28.0574203968,-97.2168547391 28.0574203968,-97.2191136472 28.0586164503999,-97.2201678044 28.0604769517,-97.2198666166 28.0612742996,-97.2197160226999 28.0628689774999,-97.2209207737 28.0632676433,-97.2243844328999 28.0628689774999,-97.2264927470999 28.0624703101999,-97.2284504674999 28.0624703101999,-97.2298058124 28.0635334197,-97.2310105634 28.0668555688999,-97.2308599695 28.0697789751999,-97.2301070001 28.0713735269,-97.2316129389 28.0732338074,-97.2353777857999 28.0749611817999,-97.2397450082 28.0760241677,-97.2417027286 28.077087143,-97.2420039163 28.0784158473999,-97.2407991653 28.0788144555,-97.2389920388 28.0784158473999,-97.2377872878 28.0784158473999,-97.2361307551999 28.079478799,-97.235076598 28.079478799,-97.2332694714999 28.0785487168999,-97.2305587817999 28.0785487168999,-97.2282998735999 28.0778843675999,-97.2266433409999 28.0766885285,-97.2243844328999 28.0768214002,-97.2216737430999 28.0772200142,-97.2204689920999 28.0781501077999,-97.2195654288999 28.0817375363999,-97.2173065207 28.0858562879999,-97.2132404861 28.090240592,-97.2075179187999 28.0970159823,-97.1972775353 28.1049864822,-97.1932115007 28.1069790146,-97.1888442782999 28.1108311389999,-97.1754414234 28.1197303458,-97.1662551969999 28.1258398213,-97.1624903501 28.1278319663,-97.1603820357999 28.1306209070999,-97.1561654072999 28.1346049823,-97.1520993726999 28.1380577277,-97.1450214605 28.1415103618,-97.1394494870999 28.1428382683,-97.1373411728999 28.1435022154,-97.1322209811 28.1448300973,-97.1292091036 28.1456268184999,-97.1272513832 28.1461579626999,-97.1240889119 28.1489464265,-97.1194205017 28.1522659315,-97.1136979343999 28.155983655,-97.0968314203999 28.1650118744999,-97.0897535083 28.1684636395,-97.0841815348999 28.1697912117,-97.0775554043 28.1733755746,-97.0590323577 28.1804111969,-97.0423164375 28.1851898462,-97.0370456519 28.1869154171,-97.0355397130999 28.1878445591,-97.0317748661999 28.1878445591,-97.0308713029999 28.1891718908,-97.0283112071 28.1904992061,-97.0251487357 28.1946137786,-97.0221368582 28.1971355350999,-97.0207815132999 28.1999226703999,-97.0200285438999 28.2008516994,-97.0189743867999 28.2013825694,-97.0177696357999 28.2033733087,-97.0124988502 28.2035060233,-97.0088845971999 28.2031078788999,-97.0084328155 28.2013825694,-97.0085834094 28.2003208267,-97.0105411298 28.1988609132,-97.0115952869 28.1987281928,-97.0106917237 28.1977991452999,-97.0090351909999 28.1972682574999,-97.0073786584 28.1946137786,-97.0067762829 28.1911628575,-97.00783044 28.188773693,-97.0090351909999 28.1879772929999,-97.0097881604 28.1865172109,-97.0111435052999 28.1850571087999,-97.0134024134 28.1842606811,-97.0164142909 28.183862465,-97.0174684481 28.1830660283999,-97.0174684481 28.1809421685,-97.0177696357999 28.1790837564,-97.0185226052 28.1772253120999,-97.0186731990999 28.175897832,-97.0173178542 28.1745703355,-97.0186731990999 28.1638170067999,-97.0192755746 28.1626221257999,-97.0168660725999 28.161825531,-97.0149083521999 28.1597012492999,-97.0150589459999 28.1574441538999,-97.0162636971 28.1530625974,-97.0186731990999 28.1514692597,-97.0209321071999 28.1501414600999,-97.0218356703999 28.1500086793,-97.0228898275999 28.1514692597,-97.0242451725 28.1514692597,-97.0265040806 28.1510709215,-97.0271064561 28.1501414600999,-97.0245463602 28.1490792086,-97.0230404213999 28.1484152961,-97.0213838888 28.1458923908999,-97.0170166663999 28.1429710580999,-97.0091857848999 28.1396512648999,-97.0088845971999 28.1376593395999,-97.0103905359 28.1356673772999,-97.0093363788 28.1347377821999))","Copano Bay"
"Menidia peninsulae","eatenBy","Cynoscion nebulosus",27.796138,-97.070846,,"Gunter 1945",,1580048,1580040,,,"Literature","Literature",,,,,,,,,,,"POLYGON((-97.0331310318999 27.8298269072,-97.0339758382 27.8231028491,-97.0439023129 27.8130159811,-97.0620656497 27.7919052447,-97.0747377449999 27.7756490519999,-97.0867762355999 27.7595773241999,-97.0956467024 27.7571476705,-97.1030387579999 27.7597642184,-97.1049395723999 27.7659315468,-97.1005043389999 27.7741541076999,-97.0939570896999 27.7818154801999,-97.0910002674 27.7859262379999,-97.0880434452 27.7887289383999,-97.0857202276999 27.7922789218,-97.0804401879999 27.7975102649,-97.0787505752 27.8010599614999,-97.0743153419 27.8053568075,-97.0652336735 27.8165651712,-97.0607984401 27.8193670813,-97.0576304163 27.8238499871999,-97.0519279733999 27.8287062596999,-97.0489711511 27.8316946270999,-97.0455919256999 27.8354299707,-97.0394670796 27.8341226151,-97.0331310318999 27.8298269072))","Gulf Waters near Mustang Island"
"Menidia peninsulae","eatenBy","Cynoscion nebulosus",28.016814,-97.002104,,"Gunter 1945",,1579775,1579767,,,"Literature","Literature",,,,,,,,,,,"POLYGON((-97.0271064561 28.1099013285999,-97.0093363788 28.1347377821999,-97.0073786584 28.135800176,-97.0058727196 28.1367297618,-97.0015054973 28.1375265433,-96.9977406504 28.1369953563,-96.994578179 28.1350033816999,-96.9930722401999 28.1326129632,-96.9911145198999 28.1311521257,-96.9887050179 28.1300896859,-96.9894579871999 28.1294256555999,-96.9918674892 28.1295584619999,-96.9951805544999 28.1292928491,-96.9963853054999 28.1290272355,-96.9956323361 28.1279647745999,-96.9905121444 28.1280975827999,-96.9882532361999 28.1270351127,-96.9856931403 28.1274335401999,-96.9844883892999 28.1259726321,-96.9850907648 28.1242460785999,-96.9829824506 28.1242460785999,-96.9795187914999 28.1247773288,-96.9784646342999 28.1253085763999,-96.9650617794 28.1253085763999,-96.9638570284 28.1239804526,-96.9594898059999 28.1226523123,-96.953466051 28.1226523123,-96.947442296 28.121988236,-96.9409667592999 28.1227851270999,-96.936599537 28.1234491983999,-96.9334370656 28.1231835703999,-96.9313287513 28.1229179416999,-96.9287686554 28.1202616182999,-96.9269615288999 28.1166754774999,-96.9260579656999 28.1141518248999,-96.9030171027 28.1116281129999,-96.8969933477 28.1128235629,-96.8945838456999 28.113487696,-96.8911201866 28.1122922535,-96.8899154356 28.1105654797,-96.8852470254 28.1112296268,-96.8822351479 28.1099013285999,-96.8796750519999 28.1081745163,-96.8801268337 28.1061820060999,-96.8837410866999 28.1051193188,-96.8896142477999 28.1037909448999,-96.8914213742999 28.1041894588,-96.8956380027999 28.1033924296,-96.9003064129999 28.1021968746,-96.9028665089 28.1019311939,-96.9078361068 28.0998057245999,-96.9112997658999 28.0987429742,-96.9173235208999 28.0936947659999,-96.919582429 28.0931633619,-96.9262085595999 28.0878491757,-96.9266603412 28.0854577061,-96.9280156860999 28.0833319105999,-96.9289192492999 28.0801431384999,-96.9322323146 28.0725694252,-96.9322323146 28.0635334197,-96.9335876594 28.0575532923,-96.9358465675999 28.0542308556,-96.9399126021999 28.0522373443,-96.9423221042 28.0522373443,-96.9463881389 28.0535663558999,-96.9472917021 28.0526360494999,-96.9466893265999 28.0487818371,-96.9451833879 28.0471869502,-96.9457857633999 28.0451933083,-96.9481952654 28.0429338028,-96.9512071429 28.0410729978999,-96.9536166448999 28.0369525296999,-96.9557249590999 28.0344270034,-96.9552731775 28.0320343449,-96.9581344611 28.0285781886999,-96.9602427754 28.0272488682999,-96.9608451508999 28.0257865969,-96.9635558406999 28.0231278707,-96.9698807834 28.0150183503,-96.9719890977 28.0114286955,-96.9728926609 28.0079718777,-96.9746997873999 28.0053127117,-96.9765069138999 28.0022545896,-96.9792176036999 27.997600759,-96.9787658221 27.9937445756,-96.9813259179999 27.9897552752999,-96.9835848261 27.9865637286999,-96.9846389832 27.9827071505,-96.9826812628 27.9800473610999,-96.9795187914999 27.9714025924,-96.9847895771 27.9620920668,-96.9858437342 27.9577025404,-96.9858437342 27.9545100453999,-96.9882532361999 27.9538449303999,-96.9887050179 27.9525146880999,-96.9899675045 27.9497465632,-96.9927710525 27.9477256802,-96.9947287729 27.9455971639999,-96.9950299605999 27.9438677138,-96.9969876809999 27.9420051978999,-96.9996983708 27.937215724,-97.0009031217999 27.9353530935,-97.0028608421 27.9325590874,-97.0051197502999 27.9280353055,-97.0090351909999 27.9253741688,-97.0137036012 27.9235113342,-97.0179202296999 27.9195194376,-97.0194261684 27.9172572973999,-97.0213838888 27.9161927445,-97.0230404213999 27.9145958954,-97.0257511111999 27.9145958954,-97.0281606132 27.9140636071999,-97.0304131552999 27.9124925433,-97.0326784294999 27.9090067381,-97.032076054 27.9078090239999,-97.0328290232999 27.9068774594,-97.0374974334999 27.9048812224999,-97.0390033722 27.9004893717,-97.0377986211999 27.8984930169,-97.0371962457 27.8971620933,-97.0385515905999 27.8964966252999,-97.0400575294 27.8943671004,-97.0394551538999 27.8922375335999,-97.0405093109999 27.8903741282,-97.0430694069 27.8926368304999,-97.0456295027999 27.8910396337999,-97.0493943496 27.8910396337999,-97.0527074148999 27.8945001969,-97.0530086027 27.9004893717,-97.0555686984999 27.9044819707,-97.0618936413 27.9103375161,-97.0649055188 27.9125998009999,-97.0659596759 27.9148620385999,-97.07077868 27.9156604641,-97.0743929329999 27.9180557052,-97.0760494655999 27.9244427554999,-97.0771036226999 27.9281683606,-97.0760494655999 27.9337565274,-97.0749953084999 27.9398765691,-97.0739411513 27.9453310966,-97.0721340247999 27.9510514026999,-97.0701763044999 27.9587666844,-97.0692727411999 27.9654173467,-97.0682185840999 27.9731316015,-97.0682185840999 27.9803133429999,-97.0656584882 27.9873616241999,-97.0624960167999 27.9946753910999,-97.0605526762 27.9979455942,-97.059785327 28.0007919787,-97.0582793882999 28.0018556977,-97.0557192923999 28.0034512564,-97.0572252311999 28.0043819879999,-97.0570746373 28.0063763859999,-97.0552675107999 28.0100991633,-97.0534603842999 28.0120934553999,-97.0522556333 28.0150183503,-97.0509002884 28.0194055437,-97.0486413802999 28.0219314225,-97.0460812844 28.0261854001,-97.0421658436 28.0283123259,-97.0384009967 28.0300404221999,-97.0334313989 28.0307050672,-97.0259017050999 28.0320343449,-97.0251487357 28.0348257746,-97.0251487357 28.0401425834,-97.0269558621999 28.0431996294,-97.0289135825999 28.0477185818,-97.0319254600999 28.0513070263,-97.0337325865999 28.0555598426,-97.0338831804999 28.0590151319999,-97.0326784294999 28.0604769517,-97.032076054 28.0644636317999,-97.0353891192 28.0677857521999,-97.0356903069999 28.0699118554,-97.0356903069999 28.0725694252,-97.0364432763999 28.0742968103,-97.0367444640999 28.0780172378,-97.0359914946999 28.0813389391,-97.0343349621 28.0833319105999,-97.0340337744 28.0845276756999,-97.0346361498999 28.0885134633,-97.033280805 28.0938276165999,-97.0307207090999 28.0974145214,-97.0280100192999 28.0994071944999,-97.0281606132 28.1004699383,-97.024997853 28.1020149747,-97.0206309194 28.1043222965,-97.0209321071999 28.1053849916,-97.0222874521 28.1053849916,-97.0251487357 28.1056506637999,-97.0263534867 28.1075103503,-97.0271064561 28.1099013285999))","Aransas Bay"
"Menidia peninsulae","eatenBy","Cynoscion nebulosus",27.803494,-96.948334,,"Gunter 1945",,1580321,1580313,,,"Literature","Literature",,,,,,,,,,,"POLYGON((-97.019191727 27.8259045906,-97.0185581222 27.8320681673,-97.0071532362999 27.8427135206999,-96.993425133 27.8501833203999,-96.9742057883999 27.8481291768,-96.9431591546999 27.8423400172,-96.9061988765 27.8311343145,-96.8933155794999 27.8240367709999,-96.8823330968999 27.8115215507,-96.8774754603 27.7984444068,-96.8808546857 27.7829366114,-96.8895139508999 27.7709772828999,-96.9019748447 27.7627544819,-96.9218277940999 27.757895262,-96.9543528388999 27.7649971256,-96.9936363345999 27.7769571115,-97.0111660664999 27.7924657597999,-97.0170797110999 27.8025545359,-97.0189805253999 27.8158179829,-97.019191727 27.8259045906))","Gulf Waters off of Mustang Island"
"Menidia colei","eatenBy","Egretta rufescens",21.1981833,-89.9465333,,"hurlbertlab/dietdatabaseHolderby, Z., A. Hill, E. Palacios, M. C. Green, E. Amador and C. de Dios. 2014. Comparisons of Reddish Egret (Egretta rufescens) diet during the breeding season across its geographic range. Waterbirds 37:136-143.",1333238400000,25886233,25886231,,,"Literature","Literature",,,,,,,,,,,,"Mexico:La Marca, Yucatan"
"Menidia colei","eatenBy","Egretta rufescens",21.1981833,-89.9465333,,"hurlbertlab/dietdatabaseHolderby, Z., A. Hill, E. Palacios, M. C. Green, E. Amador and C. de Dios. 2014. Comparisons of Reddish Egret (Egretta rufescens) diet during the breeding season across its geographic range. Waterbirds 37:136-143.",1333238400000,25886169,25886167,,,"Literature","Literature",,,,,,,,,,,,"Mexico:La Marca, Yucatan"
"Menidia colei","eatenBy","Egretta rufescens",21.1890694,-89.9504417,,"hurlbertlab/dietdatabaseDe Dios Arcos, C., M. Badillo-Aleman, D. Arceo-Carranza and X. Chiappa-Carrara. 2020. Feeding ecology of the waterbirds in a tropical mangrove in the southeast Gulf of Mexico. Stud. Neotrop. Fauna E. 55:1-9.",1351728000000,25834745,25834743,,,"Literature","Literature",,,,,,,,,,,,"Mexico:Yucatan State Reserve"
"Menidia colei","eatenBy","Egretta rufescens",21.1890694,-89.9504417,,"hurlbertlab/dietdatabaseDe Dios Arcos, C., M. Badillo-Aleman, D. Arceo-Carranza and X. Chiappa-Carrara. 2020. Feeding ecology of the waterbirds in a tropical mangrove in the southeast Gulf of Mexico. Stud. Neotrop. Fauna E. 55:1-9.",1351728000000,25834797,25834795,,,"Literature","Literature",,,,,,,,,,,,"Mexico:Yucatan State Reserve"
"Menidia colei","eatenBy","Egretta rufescens",21.1890694,-89.9504417,,"hurlbertlab/dietdatabaseDe Dios Arcos, C., M. Badillo-Aleman, D. Arceo-Carranza and X. Chiappa-Carrara. 2020. Feeding ecology of the waterbirds in a tropical mangrove in the southeast Gulf of Mexico. Stud. Neotrop. Fauna E. 55:1-9.",1351728000000,25834849,25834847,,,"Literature","Literature",,,,,,,,,,,,"Mexico:Yucatan State Reserve"
"Menidia colei","eatenBy","Phalacrocorax brasilianus",21.1890694,-89.9504417,,"hurlbertlab/dietdatabaseDe Dios Arcos, C.. M. Badillo-Aleman, D. Arceo-Carranza and X. Ciappa-Carrara. 2019. Feeding ecology of the waterbirds in a tropical mangrove in the southeast Gulf of Mexico. Studies on Neotropic Fauna and Environment.",1351728000000,25834986,25834984,,,"Literature","Literature",,,,,,,,,,,,"Mexico:Yucatan State Reserve"
"Menidia colei","eatenBy","Phalacrocorax brasilianus",21.1890694,-89.9504417,,"hurlbertlab/dietdatabaseDe Dios Arcos, C.. M. Badillo-Aleman, D. Arceo-Carranza and X. Ciappa-Carrara. 2019. Feeding ecology of the waterbirds in a tropical mangrove in the southeast Gulf of Mexico. Studies on Neotropic Fauna and Environment.",1351728000000,25835146,25835144,,,"Literature","Literature",,,,,,,,,,,,"Mexico:Yucatan State Reserve"
"Menidia colei","eatenBy","Phalacrocorax brasilianus",21.1890694,-89.9504417,,"hurlbertlab/dietdatabaseDe Dios Arcos, C.. M. Badillo-Aleman, D. Arceo-Carranza and X. Ciappa-Carrara. 2019. Feeding ecology of the waterbirds in a tropical mangrove in the southeast Gulf of Mexico. Studies on Neotropic Fauna and Environment.",1351728000000,25835066,25835064,,,"Literature","Literature",,,,,,,,,,,,"Mexico:Yucatan State Reserve"
"Menidia","eatenBy","Egretta tricolor",27.913268,-82.774955,,"INAT:20257760",1549230180000,10552997,10552999,,,"HumanObservation","HumanObservation",,,,,,,,,,,,
"Menidia","eatenBy","Egretta tricolor",27.913268,-82.774955,,"INAT:20257758",1549230180000,10560833,10560831,,,"HumanObservation","HumanObservation",,,,,,,,,,,,
